bare_ground, rocky_terrain: 0.48363102302008276
developed_structures, road: 0.20746880444273158
shrubs: 0.5533520190947057
trees: 0.0
sky: 0.8472989309502927
water: 0.9448477358404807
mIoU: 0.5060997522247156
