bare_ground, rocky_terrain: 0.7546351142345921
developed_structures, road: 0.00023894862604540023
shrubs: 0.0003247914701525788
trees: 0.0
sky: 0.7451126586242376
water: 0.7646337461900037
mIoU: 0.37749087652417185
