bare_ground, developed_structures, road, rocky_terrain, shrubs, trees: 0.9554475525131062
sky: 0.8472989309502927
water: 0.9483817859262846
mIoU: 0.9170427564632279
