bare_ground, rocky_terrain: 0.7077266065931139
developed_structures, road: 0.6348399983741443
shrubs: 0.1255948435045878
trees: 0.0
sky: 0.0
water: 0.9786974378091978
mIoU: 0.407809814380174
