bare_ground, rocky_terrain: 0.4628288447809412
developed_structures, road: 0.1370484717255682
shrubs: 0.32305828480377735
trees: 0.0
sky: 0.6569072894029246
water: 0.8459328980842341
mIoU: 0.40429596479957425
