bare_ground, rocky_terrain: 0.7481766695908908
developed_structures, road: 0.003777307145551075
shrubs: 0.07720862014485778
trees: 0.0
sky: 0.9402159855532842
water: 0.93168091916503
mIoU: 0.4501765835999357
