bare_ground, developed_structures, road, rocky_terrain, shrubs, trees: 0.9133057873405456
sky: 0.9534563902588322
water: 0.7938773571168354
mIoU: 0.8868798449054044
