bare_ground, rocky_terrain: 0.3371856423028981
developed_structures, road: 0.003841150768038747
shrubs: 0.04484824122428099
trees: 0.0
sky: 0.7950541402407703
water: 0.7009286186557723
mIoU: 0.31364296553196
