bare_ground, rocky_terrain: 0.0
developed_structures, road: 0.0
shrubs: 0.0
trees: 0.8615080495200442
sky: 0.804253015396267
water: 0.8339415080749335
mIoU: 0.4166170954985408
