bare_ground, rocky_terrain: 0.7619610124950889
developed_structures, road: 0.0024924760318954194
shrubs: 0.032679791815476596
trees: 0.0
sky: 0.6606108409208433
water: 0.7289946807855785
mIoU: 0.3644564670081471
