bare_ground, developed_structures, road, rocky_terrain, shrubs, trees: 0.8375550497906047
sky: 0.8458239341677082
water: 0.875838135394674
mIoU: 0.8530723731176623
