bare_ground, rocky_terrain: 0.7513559860281567
developed_structures, road: 0.0038597219340112056
shrubs: 0.00040992456655967145
trees: 0.0
sky: 0.8329375476150659
water: 0.7515549043795329
mIoU: 0.39001968075388765
