bare_ground, rocky_terrain: 0.5239232399949891
developed_structures, road: 0.14912544192674465
shrubs: 0.29770811510075157
trees: 0.0
sky: 0.8670000940234429
water: 0.892691282321716
mIoU: 0.45507469556127406
