bare_ground, rocky_terrain: 0.0
developed_structures, road: 0.0
shrubs: 0.0
trees: 0.9241941635525377
sky: 0.6490725925167369
water: 0.9687590234338136
mIoU: 0.4236709632505147
