bare_ground, developed_structures, road, rocky_terrain, shrubs, trees: 0.8403991556328728
sky: 0.8775521099446641
water: 0.8806002821663466
mIoU: 0.8661838492479612
