bare_ground, rocky_terrain: 0.7620869225538996
developed_structures, road: 0.0024924760318954194
shrubs: 0.03243195771468822
trees: 0.0
sky: 0.6623404241397135
water: 0.7294224896532326
mIoU: 0.36479571168223823
