bare_ground, rocky_terrain: 0.4650532528308237
developed_structures, road: 0.24134275661657026
shrubs: 0.26768241428403655
trees: 0.0
sky: 0.4659271618133945
water: 0.9361468931714023
mIoU: 0.39602541311937123
