bare_ground, rocky_terrain: 0.0
developed_structures, road: 0.0
shrubs: 0.0
trees: 0.7447200284682928
sky: 0.5158828476018056
water: 0.9731532839867585
mIoU: 0.37229269334280946
