bare_ground, rocky_terrain: 0.4604142803482161
developed_structures, road: 0.2455370990798551
shrubs: 0.27129118313471673
trees: 0.0
sky: 0.8472989309502927
water: 0.9312833261841342
mIoU: 0.4593041366162025
