bare_ground, rocky_terrain: 0.7889343806413309
developed_structures, road: 0.004985438570511871
shrubs: 0.03678465079490883
trees: 0.0
sky: 0.8193719382905608
water: 0.8526613665896358
mIoU: 0.4171229624811581
