bare_ground, developed_structures, road, rocky_terrain, shrubs, trees: 0.9780229926676925
sky: 0.8998411577832687
water: 0.9516820915186033
mIoU: 0.9431820806565215
