bare_ground, rocky_terrain: 0.31878637982043984
developed_structures, road: 0.4487345716824863
shrubs: 0.5097793208905361
trees: 0.0
sky: 0.0
water: 0.5756947624627147
mIoU: 0.30883250580936283
