bare_ground, developed_structures, road, rocky_terrain, shrubs, trees: 0.8395678417529355
sky: 0.0
water: 0.5765633562227327
mIoU: 0.4720437326585561
