bare_ground, rocky_terrain: 0.0
developed_structures, road: 0.0
shrubs: 0.0
trees: 0.7436481208572115
sky: 0.5250266090299486
water: 0.9722121513281105
mIoU: 0.3734811468692118
