bare_ground, developed_structures, road, rocky_terrain, shrubs, trees: 0.9430143513888287
sky: 0.0
water: 0.9785361307908121
mIoU: 0.6405168273932137
