bare_ground, rocky_terrain: 0.0
developed_structures, road: 0.0
shrubs: 0.17962985315155786
trees: 0.016227707564976716
sky: 0.9428006950418897
water: 0.8124390616880762
mIoU: 0.32518288624108344
