bare_ground, rocky_terrain: 0.0
developed_structures, road: 0.0
shrubs: 0.0
trees: 0.8491841686062302
sky: 0.804253015396267
water: 0.7892145714084988
mIoU: 0.40710862590183267
