bare_ground, developed_structures, road, rocky_terrain, shrubs, trees: 0.9554563457812353
sky: 0.9427919969503349
water: 0.9342577817310123
mIoU: 0.9441687081541942
