bare_ground, rocky_terrain: 0.0
developed_structures, road: 0.0
shrubs: 0.0
trees: 0.8155216261192905
sky: 0.29204115828761196
water: 0.7131668898821085
mIoU: 0.30345494571483517
