bare_ground, rocky_terrain: 0.14380916625837892
developed_structures, road: 0.23189684737015073
shrubs: 0.0473364905534347
trees: 0.03539523365905709
sky: 0.7650969710235885
water: 0.6102099662173085
mIoU: 0.3056241125136531
