bare_ground, rocky_terrain: 0.7456693457822302
developed_structures, road: 0.0051994156699830905
shrubs: 0.0722774313300067
trees: 0.0
sky: 0.9441796824899917
water: 0.9321113114750078
mIoU: 0.4499061977912033
