bare_ground, rocky_terrain: 0.16028011133258863
developed_structures, road: 0.15152546149200172
shrubs: 0.04423054523001485
trees: 0.0
sky: 0.8430365482023854
water: 0.6065407108015323
mIoU: 0.30093556284308715
