bare_ground, rocky_terrain: 0.7910461672334522
developed_structures, road: 0.0038597219340112056
shrubs: 0.00047279334906872515
trees: 0.0
sky: 0.8262467559278046
water: 0.8402093417708026
mIoU: 0.4103057967025232
