bare_ground, rocky_terrain: 0.49727210511616204
developed_structures, road: 0.14906119193138798
shrubs: 0.29329034303241414
trees: 0.0
sky: 0.8663298953476355
water: 0.8789781022137176
mIoU: 0.44748860627355286
