bare_ground, rocky_terrain: 0.7488163157896744
developed_structures, road: 0.00472190538790187
shrubs: 0.07204568268541546
trees: 0.0
sky: 0.9437574508075589
water: 0.9292506661248704
mIoU: 0.44976533679923686
