bare_ground, rocky_terrain: 0.41225382519271114
developed_structures, road: 0.18240690696117748
shrubs: 0.32925554662308
trees: 0.0
sky: 0.6826380999666198
water: 0.7615656560261348
mIoU: 0.39468667246162054
