bare_ground, developed_structures, road, rocky_terrain, shrubs, trees: 0.9031834877859739
sky: 0.8591313218662595
water: 0.7967797204870039
mIoU: 0.8530315100464124
