bare_ground, rocky_terrain: 0.6963889148082486
developed_structures, road: 0.0
shrubs: 0.0004498037156850594
trees: 0.0
sky: 0.5349898084865355
water: 0.770874675824564
mIoU: 0.33378386713917224
