bare_ground, developed_structures, road, rocky_terrain, shrubs, trees: 0.9433279581538264
sky: 0.0
water: 0.9786382766104652
mIoU: 0.6406554115880972
