bare_ground, rocky_terrain: 0.6754895321874533
developed_structures, road: 0.0
shrubs: 0.13044742461168302
trees: 0.025687965962762013
sky: 0.38077781507955116
water: 0.8573731806320501
mIoU: 0.34496265307891666
