bare_ground, developed_structures, road, rocky_terrain, shrubs, trees: 0.935761619215026
sky: 0.9553156142768255
water: 0.8433319647495318
mIoU: 0.9114697327471277
