bare_ground, developed_structures, road, rocky_terrain, shrubs, trees: 0.9448764635518572
sky: 0.9257604264659768
water: 0.9374453465453135
mIoU: 0.9360274121877158
