bare_ground, developed_structures, road, rocky_terrain, shrubs, trees: 0.9327056559792919
sky: 0.0
water: 0.9747031540163276
mIoU: 0.6358029366652065
