bare_ground, developed_structures, road, rocky_terrain, shrubs, trees: 0.9400101299710758
sky: 0.8472989309502927
water: 0.9316018812608637
mIoU: 0.9063036473940774
