bare_ground, rocky_terrain: 0.7444642393814291
developed_structures, road: 0.0019001516467179592
shrubs: 0.05908791709629197
trees: 0.0
sky: 0.9317656380443347
water: 0.9297604162552632
mIoU: 0.44449639373733946
