bare_ground, developed_structures, road, rocky_terrain, shrubs, trees: 0.8099010381836831
sky: 0.0
water: 0.03821332470134987
mIoU: 0.28270478762834433
