bare_ground, rocky_terrain: 0.6215205331191418
developed_structures, road: 0.00015698422831786167
shrubs: 0.0002695380848176963
trees: 0.0
sky: 0.07768955224887923
water: 0.592738968514924
mIoU: 0.2153959293660134
