bare_ground, rocky_terrain: 0.0
developed_structures, road: 0.0
shrubs: 0.0
trees: 0.8493731616669074
sky: 0.8003104860245682
water: 0.785954634684004
mIoU: 0.4059397137292466
