bare_ground, rocky_terrain: 0.7788931267910715
developed_structures, road: 0.0
shrubs: 7.331626642017553e-05
trees: 0.0
sky: 0.9552049859465414
water: 0.8058173744905122
mIoU: 0.4233314672490909
