bare_ground, rocky_terrain: 0.6691109897350308
developed_structures, road: 0.0
shrubs: 0.1660443644880433
trees: 0.024990092547264378
sky: 0.8193719382905608
water: 0.7327991522074032
mIoU: 0.40205275621138375
