bare_ground, rocky_terrain: 0.5253514530313244
developed_structures, road: 0.14929027955859564
shrubs: 0.29315004248890913
trees: 0.0
sky: 0.865659218513473
water: 0.89360757981233
mIoU: 0.4545097622341053
