bare_ground, developed_structures, road, rocky_terrain, shrubs, trees: 0.9433571309599714
sky: 0.8472989309502927
water: 0.9354299928323685
mIoU: 0.9086953515808776
