bare_ground, rocky_terrain: 0.7180576124568508
developed_structures, road: 0.0032081193455320125
shrubs: 0.05708182634346544
trees: 0.0
sky: 0.6546711183460686
water: 0.8831241745232358
mIoU: 0.38602380850252543
