bare_ground, developed_structures, road, rocky_terrain, shrubs, trees: 0.9236474597071455
sky: 0.804253015396267
water: 0.8281441093594003
mIoU: 0.8520148614876043
