bare_ground, rocky_terrain: 0.331631833872079
developed_structures, road: 0.33926416431590783
shrubs: 0.4733380750044269
trees: 0.0
sky: 0.0
water: 0.5880510567579714
mIoU: 0.2887141883250642
