bare_ground, rocky_terrain: 0.4391541960468276
developed_structures, road: 0.23405306194183587
shrubs: 0.29128343583838745
trees: 0.0
sky: 0.8472989309502927
water: 0.9174126315129711
mIoU: 0.4548670427150525
