bare_ground, rocky_terrain: 0.3291933755981867
developed_structures, road: 0.0038374811070792615
shrubs: 0.041806867550263964
trees: 0.0
sky: 0.8588130695856923
water: 0.7129665079466524
mIoU: 0.3244362169646457
