bare_ground, rocky_terrain: 0.0
developed_structures, road: 0.0
shrubs: 0.0
trees: 0.8499163848611271
sky: 0.8003104860245682
water: 0.777904906443036
mIoU: 0.4046886295547886
