bare_ground, rocky_terrain: 0.0
developed_structures, road: 0.0
shrubs: 0.0
trees: 0.8689302683611848
sky: 0.804253015396267
water: 0.8216541508321792
mIoU: 0.4158062390982719
