bare_ground, rocky_terrain: 0.0
developed_structures, road: 0.0
shrubs: 0.0
trees: 0.44451907203272
sky: 0.6245422289884035
water: 0.0
mIoU: 0.1781768835035206
