bare_ground, rocky_terrain: 0.0354363447631173
developed_structures, road: 0.06198527758579054
shrubs: 0.0
trees: 0.08928914705645823
sky: 0.3946203371767227
water: 0.41376113436806955
mIoU: 0.16584870682502637
