bare_ground, developed_structures, road, rocky_terrain, shrubs, trees: 0.791105182253992
sky: 0.47337780515218897
water: 0.6861943117495961
mIoU: 0.6502257663852591
