bare_ground, rocky_terrain: 0.3030593078303092
developed_structures, road: 0.0032711768387190428
shrubs: 0.03457380202138287
trees: 0.0
sky: 0.21163842709329478
water: 0.6892979920618334
mIoU: 0.20697345097425654
