bare_ground, rocky_terrain: 0.740229970830752
developed_structures, road: 0.00509969606506602
shrubs: 0.07512141403220646
trees: 0.0
sky: 0.8508793315186971
water: 0.9283559471399502
mIoU: 0.43328105993111193
