bare_ground, rocky_terrain: 0.497586662991513
developed_structures, road: 0.14752819521667895
shrubs: 0.29329034303241414
trees: 0.0
sky: 0.8640649787944227
water: 0.8790840771417829
mIoU: 0.4469257095294687
