bare_ground, rocky_terrain: 0.7400128990576511
developed_structures, road: 0.004734763421199802
shrubs: 0.07483510885536596
trees: 0.0
sky: 0.944290562296083
water: 0.9143621228788513
mIoU: 0.4463725760848585
