bare_ground, rocky_terrain: 0.33742109988287955
developed_structures, road: 0.40721693133775094
shrubs: 0.496821342331268
trees: 0.0
sky: 0.0
water: 0.5809901475598187
mIoU: 0.30374158685195285
