bare_ground, rocky_terrain: 0.7774916772810401
developed_structures, road: 0.0
shrubs: 1.0694466078781018e-05
trees: 0.0
sky: 0.9534563902588322
water: 0.8309005496603447
mIoU: 0.42697655194438267
