bare_ground, rocky_terrain: 0.654384442932034
developed_structures, road: 0.48630210758552755
shrubs: 0.14295499323720304
trees: 0.0
sky: 0.0
water: 0.9737686231497155
mIoU: 0.37623502781741336
