bare_ground, rocky_terrain: 0.0
developed_structures, road: 0.0
shrubs: 0.0
trees: 0.9049475155196253
sky: 0.6143206212402085
water: 0.9589578108943966
mIoU: 0.41303765794237174
