bare_ground, rocky_terrain: 0.0
developed_structures, road: 0.0
shrubs: 0.0
trees: 0.8750609092078204
sky: 0.6283036381919913
water: 0.9214649350229347
mIoU: 0.40413824707045776
