bare_ground, rocky_terrain: 0.3230100129045765
developed_structures, road: 0.43918302918471264
shrubs: 0.49967036037756996
trees: 0.0
sky: 0.0
water: 0.5807708525459299
mIoU: 0.30710570916879815
