bare_ground, rocky_terrain: 0.4348773720490917
developed_structures, road: 0.2758053115633266
shrubs: 0.2895723738934667
trees: 0.0
sky: 0.01779924719815599
water: 0.9197864782014966
mIoU: 0.32297346381758957
