bare_ground, developed_structures, road, rocky_terrain, shrubs, trees: 0.9255440583548094
sky: 0.804253015396267
water: 0.8329413500167143
mIoU: 0.8542461412559302
