bare_ground, developed_structures, road, rocky_terrain, shrubs, trees: 0.7554598382592123
sky: 0.0
water: 0.9635080012725667
mIoU: 0.5729892798439263
