bare_ground, rocky_terrain: 0.5498024540860282
developed_structures, road: 0.37316837283991167
shrubs: 0.0
trees: 0.0
sky: 0.0
water: 0.9770713114948278
mIoU: 0.3166736897367946
