bare_ground, rocky_terrain: 0.700810993358813
developed_structures, road: 0.5810678381405606
shrubs: 0.1545694143483574
trees: 0.0
sky: 0.0
water: 0.9787055430577709
mIoU: 0.4025256314842503
