bare_ground, rocky_terrain: 0.7420854971078744
developed_structures, road: 0.0018437794985533718
shrubs: 0.05771312942027168
trees: 0.0
sky: 0.9217253592937739
water: 0.9271980345212263
mIoU: 0.44176096664028325
