bare_ground, developed_structures, road, rocky_terrain, shrubs, trees: 0.7768759786853168
sky: 0.4065034086055716
water: 0.6005865428821427
mIoU: 0.594655310057677
