bare_ground, rocky_terrain: 0.0
developed_structures, road: 0.0
shrubs: 0.0046010426463632004
trees: 0.0031396454084736277
sky: 0.8274979666518447
water: 0.49361052874211125
mIoU: 0.22147486390813212
