bare_ground, rocky_terrain: 0.0
developed_structures, road: 0.0
shrubs: 0.0
trees: 0.7469461913336273
sky: 0.5217499967230163
water: 0.974238451629588
mIoU: 0.37382243994770525
