bare_ground, developed_structures, road, rocky_terrain, shrubs, trees: 0.9187390084748296
sky: 0.5159469422827468
water: 0.9733184345832397
mIoU: 0.8026681284469387
