bare_ground, developed_structures, road, rocky_terrain, shrubs, trees: 0.9434844239221167
sky: 0.0
water: 0.9785945873182501
mIoU: 0.640693003746789
