bare_ground, rocky_terrain: 0.0
developed_structures, road: 0.0
shrubs: 0.0
trees: 0.7445607266661102
sky: 0.5215173229095817
water: 0.9730413450177473
mIoU: 0.37318656576557324
