bare_ground, rocky_terrain: 0.0
developed_structures, road: 0.0
shrubs: 0.0
trees: 0.6168691069942346
sky: 0.5118173685612243
water: 0.7320650813949868
mIoU: 0.31012525949174097
