bare_ground, rocky_terrain: 0.0
developed_structures, road: 0.0
shrubs: 0.0
trees: 0.40654057829721063
sky: 0.49173447672377135
water: 0.7462694278688923
mIoU: 0.2740907471483124
