bare_ground, rocky_terrain: 0.476598801469432
developed_structures, road: 0.18373251271306662
shrubs: 0.004316821365133859
trees: 0.0
sky: 0.8472989309502927
water: 0.9433886116929877
mIoU: 0.40922261303181884
