bare_ground, rocky_terrain: 0.7145628605967229
developed_structures, road: 0.636392035958959
shrubs: 0.14292695268670533
trees: 0.0
sky: 0.0
water: 0.9787594256643426
mIoU: 0.4121068791511216
