bare_ground, rocky_terrain: 0.6539048432725375
developed_structures, road: 0.1658473099477733
shrubs: 0.2344932690466
trees: 0.0
sky: 0.0
water: 0.9786565477999699
mIoU: 0.3388169950111468
