bare_ground, rocky_terrain: 0.32305899372287766
developed_structures, road: 0.0027062926520946416
shrubs: 0.043668579126907255
trees: 0.0
sky: 0.6280318241098992
water: 0.7270210779457601
mIoU: 0.28741446125958986
