bare_ground, rocky_terrain: 0.6973871586112951
developed_structures, road: 0.00015602733598926532
shrubs: 0.0005654837489654114
trees: 0.0
sky: 0.24983251282123106
water: 0.7784647055898886
mIoU: 0.2877343146845616
