bare_ground, rocky_terrain: 0.7656774147455713
developed_structures, road: 0.003868109929188633
shrubs: 0.0013313081589517892
trees: 0.0
sky: 0.8909218831984481
water: 0.7896136361718615
mIoU: 0.40856872536733685
