bare_ground, rocky_terrain: 0.30893523622522956
developed_structures, road: 0.002707272568717258
shrubs: 0.03846323916068937
trees: 0.0
sky: 0.4477506594182412
water: 0.7059540507461296
mIoU: 0.2506350763531678
