bare_ground, developed_structures, road, rocky_terrain, shrubs, trees: 0.8462950387662458
sky: 0.8781072309053957
water: 0.8846357988360661
mIoU: 0.8696793561692359
