bare_ground, developed_structures, road, rocky_terrain, shrubs, trees: 0.9211666573626011
sky: 0.8472989309502927
water: 0.9061733910836662
mIoU: 0.89154632646552
