bare_ground, developed_structures, road, rocky_terrain, shrubs, trees: 0.7367662109719968
sky: 0.8612799207092718
water: 0.628183150398203
mIoU: 0.7420764273598239
