bare_ground, rocky_terrain: 0.0
developed_structures, road: 0.1718072774921883
shrubs: 0.0
trees: 0.8683554780727085
sky: 0.799988963659311
water: 0.8315418057719416
mIoU: 0.4452822541660249
