bare_ground, rocky_terrain: 0.31504549905296947
developed_structures, road: 0.22284688479524453
shrubs: 0.012960283176333624
trees: 0.0
sky: 0.0
water: 0.580490224601474
mIoU: 0.18855714860433692
