bare_ground, developed_structures, road, rocky_terrain, shrubs, trees: 0.9302215723782168
sky: 0.9529849830189451
water: 0.8343641805373707
mIoU: 0.9058569119781775
