bare_ground, rocky_terrain: 0.7424120987240057
developed_structures, road: 0.0
shrubs: 0.002605822930411614
trees: 0.0
sky: 0.785762440898702
water: 0.7239915299918275
mIoU: 0.37579531542415784
