bare_ground, rocky_terrain: 0.3340962696295987
developed_structures, road: 0.0027459142847223875
shrubs: 0.044119877970732135
trees: 0.0
sky: 0.843678466870583
water: 0.7172764690309024
mIoU: 0.3236528329644231
