bare_ground, rocky_terrain: 0.4575917766716499
developed_structures, road: 0.25798737607721856
shrubs: 0.2831741858877953
trees: 0.0
sky: 0.8472989309502927
water: 0.9315301619694426
mIoU: 0.4629304052593999
