bare_ground, rocky_terrain: 0.0
developed_structures, road: 0.0
shrubs: 0.0
trees: 0.3244697401050746
sky: 0.36720143063644567
water: 0.0
mIoU: 0.11527852845692005
