bare_ground, rocky_terrain: 0.46733092493715084
developed_structures, road: 0.24560146393716825
shrubs: 0.2796486121025116
trees: 0.0
sky: 0.9257604264659768
water: 0.9338143698507465
mIoU: 0.4753592995489257
