bare_ground, rocky_terrain: 0.0
developed_structures, road: 0.0
shrubs: 0.0
trees: 0.7439215710952404
sky: 0.5212921656341886
water: 0.9731728979051454
mIoU: 0.3730644391057624
