bare_ground, developed_structures, road, rocky_terrain, shrubs, trees: 0.8334949884500864
sky: 0.7800135824980348
water: 0.7323852198292555
mIoU: 0.7819645969257922
