bare_ground, rocky_terrain: 0.5500152640515609
developed_structures, road: 0.09883621475162381
shrubs: 0.05469349830563524
trees: 0.06998465842432994
sky: 0.16917555602324444
water: 0.4017030414453671
mIoU: 0.22406803883362691
