bare_ground, rocky_terrain: 0.17560684399245177
developed_structures, road: 4.5971432899418275e-05
shrubs: 0.042088313181954363
trees: 0.0
sky: 0.8598656472588839
water: 0.6521992426299457
mIoU: 0.2883010030826892
