bare_ground, rocky_terrain: 0.0
developed_structures, road: 0.0
shrubs: 0.0
trees: 0.7539457031608164
sky: 0.3474426084245418
water: 0.9694176795572492
mIoU: 0.34513433185710124
