bare_ground, rocky_terrain: 0.3409249825526341
developed_structures, road: 0.0027460342537492465
shrubs: 0.04445102800489502
trees: 0.0
sky: 0.8446114957702151
water: 0.7251845654182933
mIoU: 0.32631968433329783
