bare_ground, rocky_terrain: 0.0
developed_structures, road: 0.0
shrubs: 0.0
trees: 0.902480346530136
sky: 0.6240999308925267
water: 0.9575955686488966
mIoU: 0.4140293076785932
