bare_ground, rocky_terrain: 0.19810718240311498
developed_structures, road: 0.4747906042834132
shrubs: 0.6093732460203815
trees: 0.0
sky: 0.0
water: 0.5940452713349144
mIoU: 0.31271938400697064
