bare_ground, rocky_terrain: 0.49345080918706513
developed_structures, road: 0.1462382345169432
shrubs: 0.2820665473291986
trees: 0.0
sky: 0.7365643583583686
water: 0.8971231314989543
mIoU: 0.4259071801484216
