bare_ground, rocky_terrain: 0.6509004072788764
developed_structures, road: 0.565377904748601
shrubs: 0.14783423972155754
trees: 0.0
sky: 0.0
water: 0.9642350892063237
mIoU: 0.3880579401592264
