bare_ground, rocky_terrain: 0.5269921531368714
developed_structures, road: 0.1478618294325383
shrubs: 0.29872263228622215
trees: 0.0
sky: 0.8663298953476355
water: 0.8936365739595303
mIoU: 0.455590514027133
