bare_ground, rocky_terrain: 0.22567576267367376
developed_structures, road: 0.2486983061166339
shrubs: 0.0025350736061737927
trees: 0.0
sky: 0.0
water: 0.249239830106132
mIoU: 0.12102482875043558
