bare_ground, rocky_terrain: 9.540493437697763e-05
developed_structures, road: 0.0
shrubs: 0.0
trees: 0.0002162533132216608
sky: 0.0
water: 0.23083881648612703
mIoU: 0.038525079122287614
