bare_ground, rocky_terrain: 0.6917524091741319
developed_structures, road: 0.0038479043402705948
shrubs: 0.0016783464948625219
trees: 0.0
sky: 0.17754477656877812
water: 0.7061414603438617
mIoU: 0.26349414948698413
