bare_ground, rocky_terrain: 0.459974035424503
developed_structures, road: 0.22940788117161218
shrubs: 0.4489977704509355
trees: 0.0
sky: 0.8472989309502927
water: 0.8904984572862434
mIoU: 0.4793628458805978
