bare_ground, rocky_terrain: 0.5889221123650082
developed_structures, road: 0.016283240349058075
shrubs: 0.2988199098153753
trees: 0.0
sky: 0.0
water: 0.9783684984660984
mIoU: 0.31373229349925663
