bare_ground, rocky_terrain: 0.6910159619159105
developed_structures, road: 0.0
shrubs: 0.060800575734988135
trees: 0.09914204003813155
sky: 0.9508497932935231
water: 0.7981209912704043
mIoU: 0.43332156037549296
