bare_ground, rocky_terrain: 0.7335481664696747
developed_structures, road: 0.7077955551142541
shrubs: 0.1482750141195218
trees: 0.0
sky: 0.0
water: 0.9783197614237443
mIoU: 0.4279897495211991
