bare_ground, rocky_terrain: 0.4962373498296196
developed_structures, road: 0.14019669902002158
shrubs: 0.28089510863868467
trees: 0.0
sky: 0.8331754362522936
water: 0.8726626072708462
mIoU: 0.43719453350191095
