bare_ground, rocky_terrain: 0.5992099372233686
developed_structures, road: 0.22991402916840953
shrubs: 0.500849565570322
trees: 0.0
sky: 0.8225629015660602
water: 0.8575183768621143
mIoU: 0.5016758017317124
