bare_ground, rocky_terrain: 0.7473918693251168
developed_structures, road: 0.004108600890374135
shrubs: 0.0709625190073738
trees: 0.0
sky: 0.9437602870356345
water: 0.9315058139576934
mIoU: 0.4496215150360321
