bare_ground, rocky_terrain: 0.49656526343598656
developed_structures, road: 0.1450009532684378
shrubs: 0.2982688913975877
trees: 0.0
sky: 0.8552468411081967
water: 0.8773719664105616
mIoU: 0.44540898593679507
