bare_ground, rocky_terrain: 0.3971206241915517
developed_structures, road: 0.42766745236351267
shrubs: 0.3456083033874009
trees: 0.0
sky: 0.0
water: 0.9784394298318562
mIoU: 0.35813930162905355
