bare_ground, rocky_terrain: 0.46467350412711733
developed_structures, road: 0.2458512329754767
shrubs: 0.2743836742321672
trees: 0.0
sky: 0.9257604264659768
water: 0.933941503831028
mIoU: 0.4741017236052944
