bare_ground, developed_structures, road, rocky_terrain, shrubs, trees: 0.9047220854395854
sky: 0.0
water: 0.9640143565904302
mIoU: 0.6229121473433386
