bare_ground, developed_structures, road, rocky_terrain, shrubs, trees: 0.939784170498035
sky: 0.0
water: 0.9770729024082571
mIoU: 0.6389523576354307
