bare_ground, rocky_terrain: 0.5194820139099559
developed_structures, road: 0.14891382306418222
shrubs: 0.28112722357579
trees: 0.0
sky: 0.8654795671814266
water: 0.8911915988176516
mIoU: 0.451032371091501
