bare_ground, developed_structures, road, rocky_terrain, shrubs, trees: 0.9553078896337746
sky: 0.94294224321971
water: 0.9340121370268077
mIoU: 0.9440874232934308
