bare_ground, rocky_terrain: 0.49158843883189485
developed_structures, road: 0.25980365797599564
shrubs: 0.31412678945774275
trees: 0.0
sky: 0.2618875885821447
water: 0.8789420959949797
mIoU: 0.36772476180712627
