bare_ground, rocky_terrain: 0.7499303003893601
developed_structures, road: 0.0003916677832634172
shrubs: 0.0005137618704588753
trees: 0.0
sky: 0.7827704902781654
water: 0.7517606984129617
mIoU: 0.38089448645570156
