bare_ground, rocky_terrain: 0.3415378164169685
developed_structures, road: 0.00454520127663073
shrubs: 0.04992537362903327
trees: 0.0
sky: 0.746864387088971
water: 0.6505861343815326
mIoU: 0.29890981879885603
