bare_ground, rocky_terrain: 0.3334260520401812
developed_structures, road: 0.00383911307840893
shrubs: 0.0441343855221524
trees: 0.0
sky: 0.885658838141939
water: 0.7297977904882214
mIoU: 0.33280936321181714
