bare_ground, developed_structures, road, rocky_terrain, shrubs, trees: 0.8406079987553453
sky: 0.8778545353490569
water: 0.8808636773901181
mIoU: 0.8664420704981733
