bare_ground, rocky_terrain: 0.0
developed_structures, road: 0.0
shrubs: 0.0
trees: 0.862006942332102
sky: 0.804253015396267
water: 0.8324562519242497
mIoU: 0.4164527016087698
