bare_ground, rocky_terrain: 0.7259611829466024
developed_structures, road: 0.0038264125325296497
shrubs: 0.00032642357710865514
trees: 0.0
sky: 0.4112201145239148
water: 0.7780625704117062
mIoU: 0.3198994506653102
