bare_ground, developed_structures, road, rocky_terrain, shrubs, trees: 0.6465703847237374
sky: 0.6245422289884035
water: 0.6020104605828018
mIoU: 0.6243743580983142
