bare_ground, rocky_terrain: 0.0
developed_structures, road: 0.0
shrubs: 0.0
trees: 0.6852606111896519
sky: 0.6171693510213494
water: 0.6688758281706765
mIoU: 0.3285509650636129
