bare_ground, rocky_terrain: 0.42815068119678756
developed_structures, road: 0.24400515369041045
shrubs: 0.28616318222455983
trees: 0.0
sky: 0.015169178029581277
water: 0.9183725572111591
mIoU: 0.31531012539208303
