bare_ground, rocky_terrain: 0.7408341103940225
developed_structures, road: 0.0011948952983932596
shrubs: 0.049395752729552926
trees: 0.0
sky: 0.9442673965206959
water: 0.9333119286679773
mIoU: 0.44483401393510696
