bare_ground, rocky_terrain: 0.5009152025555126
developed_structures, road: 0.14109846418518437
shrubs: 0.30145007710517263
trees: 0.0
sky: 0.8500888179090658
water: 0.8732719578129398
mIoU: 0.4444707532613125
