bare_ground, rocky_terrain: 0.7312388002243104
developed_structures, road: 0.019874791937865923
shrubs: 0.09031035490706527
trees: 0.0
sky: 0.7879316937485504
water: 0.8735580052699268
mIoU: 0.41715227434795316
