bare_ground, rocky_terrain: 0.33809904532709123
developed_structures, road: 0.004546138393744539
shrubs: 0.050269006339780826
trees: 0.0
sky: 0.6927882856346465
water: 0.6505256999014882
mIoU: 0.28937136259945856
