bare_ground, rocky_terrain: 0.46323307983118356
developed_structures, road: 0.2510992840666533
shrubs: 0.2792711305776144
trees: 0.0
sky: 0.426898188872956
water: 0.9347143443492573
mIoU: 0.3925360046162774
