bare_ground, rocky_terrain: 0.0
developed_structures, road: 0.006732125276070354
shrubs: 0.0
trees: 0.9103224528508166
sky: 0.5869346408849982
water: 0.9639099616195844
mIoU: 0.411316530105245
