bare_ground, rocky_terrain: 0.0
developed_structures, road: 0.6369092959085972
shrubs: 0.0
trees: 0.6995411590646609
sky: 0.30479386594869723
water: 0.8888980869476896
mIoU: 0.42169040131160745
