bare_ground, rocky_terrain: 0.5263381656322335
developed_structures, road: 0.1491241013369282
shrubs: 0.29437284291695204
trees: 0.0
sky: 0.865659218513473
water: 0.8933084400925627
mIoU: 0.45480046141535824
