bare_ground, rocky_terrain: 0.46464629475553626
developed_structures, road: 0.24563215718574202
shrubs: 0.2744451299109123
trees: 0.0
sky: 0.8472989309502927
water: 0.9337841952656685
mIoU: 0.4609677846780253
