bare_ground, developed_structures, road, rocky_terrain, shrubs, trees: 0.9198723748464042
sky: 0.5269205832815218
water: 0.9727857018460045
mIoU: 0.8065262199913102
