bare_ground, rocky_terrain: 0.2776152740561285
developed_structures, road: 0.15120337774660755
shrubs: 0.018103493262652277
trees: 0.0
sky: 0.0
water: 0.5968695541523836
mIoU: 0.173965283202962
