bare_ground, rocky_terrain: 0.33149309592993603
developed_structures, road: 0.002745032512813174
shrubs: 0.04350107538200969
trees: 0.0
sky: 0.7078142227657158
water: 0.7132810424647125
mIoU: 0.2998057448425312
