bare_ground, rocky_terrain: 0.3413036307435541
developed_structures, road: 0.008000462318214083
shrubs: 0.0479725322329356
trees: 0.0
sky: 0.7249352832968479
water: 0.6676204806188165
mIoU: 0.298305398201728
