bare_ground, rocky_terrain: 0.3184128196074491
developed_structures, road: 0.4484633593864079
shrubs: 0.5095498889525816
trees: 0.0
sky: 0.0
water: 0.5756947624627147
mIoU: 0.3086868050681922
