bare_ground, rocky_terrain: 0.7123830045242532
developed_structures, road: 0.00023162032722138658
shrubs: 0.04557615545406889
trees: 0.0
sky: 0.9438644612891496
water: 0.899971828775363
mIoU: 0.43367117839500935
