bare_ground, rocky_terrain: 0.0
developed_structures, road: 0.0
shrubs: 0.0
trees: 0.7410169692929972
sky: 0.4723045836139793
water: 0.7121886825765136
mIoU: 0.3209183725805817
