bare_ground, rocky_terrain: 0.370577677650783
developed_structures, road: 0.24788200909181557
shrubs: 0.44422643809155987
trees: 0.0
sky: 0.8472989309502927
water: 0.9205273975975029
mIoU: 0.471752075563659
