bare_ground, rocky_terrain: 0.44714152751420294
developed_structures, road: 0.22758130821012418
shrubs: 0.29044161722516226
trees: 0.0
sky: 0.05124385883675222
water: 0.9167686656702982
mIoU: 0.32219616290942327
