bare_ground, developed_structures, road, rocky_terrain, shrubs, trees: 0.9451221250243929
sky: 0.8472989309502927
water: 0.9375796032801397
mIoU: 0.9100002197516085
