bare_ground, developed_structures, road, rocky_terrain, shrubs, trees: 0.834576418759169
sky: 0.0
water: 0.5746710166041412
mIoU: 0.4697491451211034
