bare_ground, rocky_terrain: 0.0
developed_structures, road: 0.0
shrubs: 0.0
trees: 0.745606375130324
sky: 0.5188639848961788
water: 0.9732148773790712
mIoU: 0.3729475395675957
