bare_ground, rocky_terrain: 0.7455936306170664
developed_structures, road: 0.003225740850313423
shrubs: 0.06605977862542056
trees: 0.0
sky: 0.9421052412365908
water: 0.9315836956816518
mIoU: 0.4480946811685072
