bare_ground, rocky_terrain: 0.49820052762562866
developed_structures, road: 0.1425986757613751
shrubs: 0.29417083065735594
trees: 0.0
sky: 0.8574767693194777
water: 0.8767835985211665
mIoU: 0.4448717336475007
