bare_ground, rocky_terrain: 0.0
developed_structures, road: 0.0
shrubs: 0.0
trees: 0.9163138805856242
sky: 0.5917187170073495
water: 0.8795111141712534
mIoU: 0.3979239519607045
