bare_ground, rocky_terrain: 0.4683127058176619
developed_structures, road: 0.2559402754181688
shrubs: 0.2885802926333598
trees: 0.0
sky: 0.6018040361486716
water: 0.936757837624725
mIoU: 0.4252325246070979
