bare_ground, rocky_terrain: 0.18442511006179418
developed_structures, road: 1.4873757534185979e-05
shrubs: 0.04211600844849095
trees: 0.0
sky: 0.8600182034096386
water: 0.6398071613599661
mIoU: 0.28773022617290406
