bare_ground, developed_structures, road, rocky_terrain, shrubs, trees: 0.6833226911202143
sky: 0.2571060833306741
water: 0.36254004979503557
mIoU: 0.434322941415308
