bare_ground, rocky_terrain: 0.5018668673715401
developed_structures, road: 0.15032109432925497
shrubs: 0.29697496628504244
trees: 0.0
sky: 0.8662470189303888
water: 0.8764608831916624
mIoU: 0.44864513835131475
