bare_ground, rocky_terrain: 0.3252489299682402
developed_structures, road: 0.003837046735948164
shrubs: 0.04384807633617519
trees: 0.0
sky: 0.7747772162213021
water: 0.6900940833570988
mIoU: 0.30630089210312744
