bare_ground, rocky_terrain: 0.7730527059126311
developed_structures, road: 0.0038522875546258516
shrubs: 0.00040946784717709394
trees: 0.0
sky: 0.3817225213767724
water: 0.895856945163859
mIoU: 0.3424823213091775
