bare_ground, developed_structures, road, rocky_terrain, shrubs, trees: 0.6693173108405199
sky: 0.0
water: 0.5069393899727471
mIoU: 0.39208556693775565
