bare_ground, rocky_terrain: 0.7733719297180446
developed_structures, road: 0.0038522875546258516
shrubs: 0.00040992456655967145
trees: 0.0
sky: 0.8832713959747942
water: 0.7844193611880769
mIoU: 0.4075541498336835
