bare_ground, rocky_terrain: 0.347685250661362
developed_structures, road: 0.002708199284591991
shrubs: 0.04392311084441352
trees: 0.0
sky: 0.8859791043419672
water: 0.7351804015692955
mIoU: 0.33591267778360506
