bare_ground, rocky_terrain: 0.500410020834525
developed_structures, road: 0.14910452901670398
shrubs: 0.2864747487929984
trees: 0.0
sky: 0.8660431875983289
water: 0.8790491384893718
mIoU: 0.4468469374553214
