bare_ground, rocky_terrain: 0.0
developed_structures, road: 0.0
shrubs: 0.0
trees: 0.5796960966679591
sky: 0.057570227157456605
water: 0.5931085565509429
mIoU: 0.20506248006272643
