bare_ground, rocky_terrain: 0.44186311494663577
developed_structures, road: 0.23222588333112462
shrubs: 0.27063335049301074
trees: 0.0
sky: 0.02579665065727513
water: 0.92451654771372
mIoU: 0.31583925785696104
