bare_ground, rocky_terrain: 0.0
developed_structures, road: 0.0
shrubs: 0.0
trees: 0.8494035408077378
sky: 0.7959190281121106
water: 0.7864095342051806
mIoU: 0.40528868385417144
