bare_ground, rocky_terrain: 0.7757022700906567
developed_structures, road: 0.0
shrubs: 1.0694466078781018e-05
trees: 0.0
sky: 0.9549828223386946
water: 0.82818521403443
mIoU: 0.42648016682164336
