bare_ground, developed_structures, road, rocky_terrain, shrubs, trees: 0.7745945920763879
sky: 0.0
water: 0.9581054078565125
mIoU: 0.5775666666443001
