bare_ground, rocky_terrain: 0.503138125433306
developed_structures, road: 0.280880901123831
shrubs: 0.28379250946905554
trees: 0.0
sky: 0.7023943556256098
water: 0.8671068778614374
mIoU: 0.4395521282522066
