bare_ground, developed_structures, road, rocky_terrain, shrubs, trees: 0.7883121366882752
sky: 0.0
water: 0.971898773617778
mIoU: 0.5867369701020176
