bare_ground, developed_structures, road, rocky_terrain, shrubs, trees: 0.9185242055859456
sky: 0.515468618890686
water: 0.9731532839867585
mIoU: 0.8023820361544635
