bare_ground, rocky_terrain: 0.7630195720393432
developed_structures, road: 0.0
shrubs: 7.013834440063766e-05
trees: 0.0
sky: 0.8033704571761587
water: 0.8340873300899215
mIoU: 0.40009124960830406
