bare_ground, rocky_terrain: 0.0
developed_structures, road: 0.0
shrubs: 0.0
trees: 0.8505007303863358
sky: 0.8088977902512704
water: 0.8357018834946991
mIoU: 0.4158500673553842
