bare_ground, developed_structures, road, rocky_terrain, shrubs, trees: 0.8507181981002405
sky: 0.673639972448399
water: 0.7294446555438886
mIoU: 0.7512676086975093
