bare_ground, rocky_terrain: 0.20226128261296508
developed_structures, road: 0.18490969568530602
shrubs: 0.221508767402055
trees: 0.0
sky: 0.00820504321506395
water: 0.6874885938208926
mIoU: 0.21739556378938044
