bare_ground, rocky_terrain: 0.7414016322787331
developed_structures, road: 0.004225019319077565
shrubs: 0.07949260913511637
trees: 0.0
sky: 0.8671691487941086
water: 0.9267521441323889
mIoU: 0.43650675894323737
