bare_ground, developed_structures, road, rocky_terrain, shrubs, trees: 0.9073955245564875
sky: 0.0
water: 0.974009695938044
mIoU: 0.6271350734981772
