bare_ground, developed_structures, road, rocky_terrain, shrubs, trees: 0.6922706678687615
sky: 0.16917555602324444
water: 0.4017030414453671
mIoU: 0.4210497551124577
