bare_ground, rocky_terrain: 0.4557943760006769
developed_structures, road: 0.23852638519723132
shrubs: 0.28551321158869386
trees: 0.0
sky: 0.8472989309502927
water: 0.9256091493020314
mIoU: 0.45879034217315434
