bare_ground, rocky_terrain: 0.3435122093057176
developed_structures, road: 0.0027078579003905583
shrubs: 0.04349358776426028
trees: 0.0
sky: 0.8421674258767169
water: 0.7244784291552108
mIoU: 0.32605991833371606
