bare_ground, developed_structures, road, rocky_terrain, shrubs, trees: 0.9376206963528438
sky: 0.9553156142768255
water: 0.8506607415192186
mIoU: 0.914532350716296
