bare_ground, rocky_terrain: 0.7592235215967726
developed_structures, road: 0.002049395691014188
shrubs: 0.010035851286605096
trees: 0.0
sky: 0.6437012619076689
water: 0.744531856976557
mIoU: 0.3599236479097696
