bare_ground, rocky_terrain: 0.07577028934594869
developed_structures, road: 0.0
shrubs: 0.026964904218396004
trees: 0.005116828753992235
sky: 0.823864382236848
water: 0.6324925938707393
mIoU: 0.26070149973765405
