bare_ground, rocky_terrain: 0.7485270954743887
developed_structures, road: 0.008028232316081836
shrubs: 0.06327847540287086
trees: 0.0
sky: 0.8828110348003827
water: 0.8205979851536402
mIoU: 0.4205404705245607
