bare_ground, rocky_terrain: 0.599052229038341
developed_structures, road: 0.23076480896127083
shrubs: 0.5007068422057599
trees: 0.0
sky: 0.8236531941619993
water: 0.8578183823110159
mIoU: 0.5019992427797311
