bare_ground, developed_structures, road, rocky_terrain, shrubs, trees: 0.8428421042154344
sky: 0.0
water: 0.5828149354347694
mIoU: 0.4752190132167346
