bare_ground, rocky_terrain: 0.743173700552476
developed_structures, road: 0.004293114700603688
shrubs: 0.012125793467116933
trees: 0.0
sky: 0.3338207345037504
water: 0.73853593291836
mIoU: 0.30532487935705116
