bare_ground, rocky_terrain: 0.0
developed_structures, road: 0.0
shrubs: 0.0
trees: 0.9000683813894957
sky: 0.6014637153424893
water: 0.9573684929135166
mIoU: 0.40981676494091696
