bare_ground, developed_structures, road, rocky_terrain, shrubs, trees: 0.9432044469273492
sky: 0.0
water: 0.9786892931315506
mIoU: 0.6406312466862999
