bare_ground, developed_structures, road, rocky_terrain, shrubs, trees: 0.9307307028116154
sky: 0.8472989309502927
water: 0.9214416122686311
mIoU: 0.8998237486768463
