bare_ground, rocky_terrain: 0.7462615620981979
developed_structures, road: 0.005688552706123025
shrubs: 0.07293723074819283
trees: 0.0
sky: 0.9435074718583363
water: 0.9331022879681735
mIoU: 0.45024951756317066
