bare_ground, rocky_terrain: 0.0
developed_structures, road: 0.0
shrubs: 0.0
trees: 0.7443634528358154
sky: 0.5153835704234183
water: 0.9731532839867585
mIoU: 0.37215005120766537
