bare_ground, rocky_terrain: 0.3395498777120439
developed_structures, road: 0.003835527944137527
shrubs: 0.044629733402515255
trees: 0.0
sky: 0.5919322345490882
water: 0.7359056399280771
mIoU: 0.285975502255977
