bare_ground, rocky_terrain: 0.7326624732514017
developed_structures, road: 0.0012194688343550029
shrubs: 0.0575506596059586
trees: 0.0
sky: 0.8299868335347586
water: 0.916019303725544
mIoU: 0.42290645649200304
