bare_ground, rocky_terrain: 0.7412396147302995
developed_structures, road: 0.0038459947892973824
shrubs: 0.000621486999040351
trees: 0.0
sky: 0.4108370533871296
water: 0.7987986276480838
mIoU: 0.3258904629256418
