bare_ground, rocky_terrain: 0.4680691597434178
developed_structures, road: 0.23953161012341037
shrubs: 0.2864297139684685
trees: 0.0
sky: 0.8472989309502927
water: 0.9342293370103378
mIoU: 0.46259312529932123
