bare_ground, developed_structures, road, rocky_terrain, shrubs, trees: 0.928794492338903
sky: 0.8227612490199662
water: 0.8329413500167143
mIoU: 0.8614990304585278
