bare_ground, rocky_terrain: 0.6382996449198932
developed_structures, road: 0.5164668423678174
shrubs: 0.1440412783100714
trees: 0.0
sky: 0.0
water: 0.9637023411561282
mIoU: 0.3770850177923184
