bare_ground, rocky_terrain: 0.46800437105453624
developed_structures, road: 0.24882486237344836
shrubs: 0.2712868421283453
trees: 0.0
sky: 0.4027787167872355
water: 0.934854625709382
mIoU: 0.3876249030088245
