bare_ground, rocky_terrain: 0.7462100112074337
developed_structures, road: 0.004924798434275746
shrubs: 0.07447789436019943
trees: 0.0
sky: 0.9445599635311467
water: 0.9321960570515475
mIoU: 0.4503947874307672
