bare_ground, rocky_terrain: 0.7452121370464485
developed_structures, road: 0.003382402397338272
shrubs: 0.06353890753309684
trees: 0.0
sky: 0.9411477598983123
water: 0.9293672573833641
mIoU: 0.4471080773764267
