bare_ground, rocky_terrain: 0.7383444874400594
developed_structures, road: 0.004008407407335791
shrubs: 0.06913428305424123
trees: 0.0
sky: 0.8679191174559131
water: 0.9307946900075892
mIoU: 0.4350334975608565
