bare_ground, developed_structures, road, rocky_terrain, shrubs, trees: 0.7619934506753991
sky: 0.3992818150801774
water: 0.8879974499537734
mIoU: 0.6830909052364499
