bare_ground, rocky_terrain: 0.3452867623123839
developed_structures, road: 0.0038373585633731124
shrubs: 0.04466465902351136
trees: 0.0
sky: 0.8858806882950515
water: 0.7390605050170618
mIoU: 0.3364549955352303
