bare_ground, developed_structures, road, rocky_terrain, shrubs, trees: 0.9176260145277142
sky: 0.5250074098642936
water: 0.9722215171380967
mIoU: 0.8049516471767015
