bare_ground, developed_structures, road, rocky_terrain, shrubs, trees: 0.9549869809239155
sky: 0.9428168667879426
water: 0.9335691439592491
mIoU: 0.9437909972237023
