bare_ground, rocky_terrain: 0.6346859176899294
developed_structures, road: 0.4224323475953831
shrubs: 0.004577257362831914
trees: 0.0
sky: 0.0
water: 0.9771378006481042
mIoU: 0.3398055538827081
