bare_ground, developed_structures, road, rocky_terrain, shrubs, trees: 0.9088133603609044
sky: 0.8088977902512704
water: 0.7708543634214771
mIoU: 0.8295218380112171
