bare_ground, rocky_terrain: 0.3186067831623348
developed_structures, road: 0.0027548128511755356
shrubs: 0.04313464098428794
trees: 0.0
sky: 0.7029414105848985
water: 0.70121812595367
mIoU: 0.2947759622560611
