bare_ground, rocky_terrain: 0.3099710576297933
developed_structures, road: 0.00012886220530092254
shrubs: 0.18548511342062246
trees: 0.07262491903085386
sky: 0.9439950003386177
water: 0.9076913450976701
mIoU: 0.40331604962047646
