bare_ground, rocky_terrain: 0.5037781723955985
developed_structures, road: 0.14771467259102716
shrubs: 0.2797856638292163
trees: 0.0
sky: 0.7721347625889566
water: 0.8879046080890919
mIoU: 0.4318863132489817
