bare_ground, developed_structures, road, rocky_terrain, shrubs, trees: 0.8420757363662069
sky: 0.0
water: 0.5884605281998325
mIoU: 0.4768454215220131
