bare_ground, rocky_terrain: 0.4637523467664198
developed_structures, road: 0.24537263182732513
shrubs: 0.27130730194404723
trees: 0.0
sky: 0.4027787167872355
water: 0.9344781208906227
mIoU: 0.3862815197026084
