bare_ground, rocky_terrain: 0.3075079351901353
developed_structures, road: 0.40373548793806285
shrubs: 0.5082794392644943
trees: 0.0
sky: 0.0
water: 0.5775916062629691
mIoU: 0.2995190781092769
