bare_ground, rocky_terrain: 0.0
developed_structures, road: 0.0
shrubs: 0.0
trees: 0.9022865561396959
sky: 0.6155225701209404
water: 0.9572563005819186
mIoU: 0.41251090447375915
