bare_ground, rocky_terrain: 0.3196750958387974
developed_structures, road: 0.44521408664808715
shrubs: 0.5056341435062718
trees: 0.0
sky: 0.0
water: 0.5756837733612941
mIoU: 0.30770118322574175
