bare_ground, rocky_terrain: 0.3326473679278649
developed_structures, road: 0.0038338213807564635
shrubs: 0.04475404955348796
trees: 0.0
sky: 0.8418556017528206
water: 0.6952043437682497
mIoU: 0.31971586406386326
