bare_ground, rocky_terrain: 0.45312379350066834
developed_structures, road: 0.1936656759381168
shrubs: 0.44573116102061594
trees: 0.0
sky: 0.4009399571523112
water: 0.9002332847928809
mIoU: 0.3989489787340989
