bare_ground, rocky_terrain: 0.7475375545512689
developed_structures, road: 0.004950035578380719
shrubs: 0.07442460938823842
trees: 0.0
sky: 0.9436661631545806
water: 0.9327829530695695
mIoU: 0.45056021929033974
