bare_ground, rocky_terrain: 0.7856098449566066
developed_structures, road: 0.00019654901311706046
shrubs: 0.0004808262547558005
trees: 0.0
sky: 0.7622515339677407
water: 0.8305080176018385
mIoU: 0.3965077952990097
