bare_ground, developed_structures, road, rocky_terrain, shrubs, trees: 0.867058771955999
sky: 0.6660276033739768
water: 0.7483007469566268
mIoU: 0.7604623740955342
