bare_ground, rocky_terrain: 0.7427807442045625
developed_structures, road: 0.0008184207013670549
shrubs: 0.0568918403375078
trees: 0.0
sky: 0.9437523899364518
water: 0.9342881621791669
mIoU: 0.4464219262265093
