bare_ground, rocky_terrain: 0.0
developed_structures, road: 0.0
shrubs: 0.0
trees: 0.5968641933308045
sky: 0.09846804834919975
water: 0.6586342352969939
mIoU: 0.22566107949616634
