bare_ground, rocky_terrain: 0.510258886271237
developed_structures, road: 0.14906802576650657
shrubs: 0.2931984830263081
trees: 0.0
sky: 0.8663298953476355
water: 0.885868046002493
mIoU: 0.45078722273569666
