bare_ground, rocky_terrain: 0.4806743686495282
developed_structures, road: 0.024256079720343843
shrubs: 0.023523686449531327
trees: 0.1417216320262003
sky: 0.7443100950755079
water: 0.47185755904226456
mIoU: 0.3143905701605627
