bare_ground, rocky_terrain: 0.4654911791140479
developed_structures, road: 0.24098550445315187
shrubs: 0.27915542232094076
trees: 0.0
sky: 0.8472989309502927
water: 0.9266229276911817
mIoU: 0.4599256607549358
