bare_ground, rocky_terrain: 0.0
developed_structures, road: 0.0
shrubs: 0.0
trees: 0.915777048910478
sky: 0.6155225701209404
water: 0.9675868123087182
mIoU: 0.41648107189002276
