bare_ground, rocky_terrain: 0.7466988163129292
developed_structures, road: 0.002546724691014531
shrubs: 0.0675498135480847
trees: 0.0
sky: 0.940709758570463
water: 0.9304077240982573
mIoU: 0.44798547287012475
