bare_ground, rocky_terrain: 0.7358510560929237
developed_structures, road: 0.7112383562819188
shrubs: 0.14309104062749875
trees: 0.0
sky: 0.0
water: 0.9786180415851425
mIoU: 0.4281330824312473
