bare_ground, developed_structures, road, rocky_terrain, shrubs, trees: 0.8475483171195022
sky: 0.6245422289884035
water: 0.905237618218194
mIoU: 0.7924427214420332
