bare_ground, rocky_terrain: 0.7235309765683802
developed_structures, road: 0.00382976094879239
shrubs: 0.0005138248131670808
trees: 0.0
sky: 0.38936460132443435
water: 0.7518927918154474
mIoU: 0.3115219925783702
