bare_ground, rocky_terrain: 0.7695567338389209
developed_structures, road: 0.0038606432329773652
shrubs: 0.00020281288684045843
trees: 0.0
sky: 0.7803502861430274
water: 0.7843316138166295
mIoU: 0.38971701498639927
