bare_ground, rocky_terrain: 0.4987375994013874
developed_structures, road: 0.12620921343340358
shrubs: 0.28382551358124525
trees: 0.0
sky: 0.8344509282351095
water: 0.873504861689148
mIoU: 0.4361213527233823
