bare_ground, rocky_terrain: 0.49735496414956143
developed_structures, road: 0.14900129101300838
shrubs: 0.293843686400026
trees: 0.0
sky: 0.8663298953476355
water: 0.8789113447066987
mIoU: 0.4475735302694883
