bare_ground, developed_structures, road, rocky_terrain, shrubs, trees: 0.8937756538714515
sky: 0.8778694711271984
water: 0.9188678518961337
mIoU: 0.896837658964928
