bare_ground, rocky_terrain: 0.0
developed_structures, road: 0.0
shrubs: 0.0
trees: 0.9056781005547004
sky: 0.5896088963277379
water: 0.9655725485427912
mIoU: 0.4101432575708716
