bare_ground, rocky_terrain: 0.5548876712713886
developed_structures, road: 0.00015645697954585753
shrubs: 0.00044677159555932787
trees: 0.0
sky: 0.06872266843805275
water: 0.6995635364134978
mIoU: 0.22062951744967407
