bare_ground, developed_structures, road, rocky_terrain, shrubs, trees: 0.8160876211321415
sky: 0.7472588095163344
water: 0.7093639761455494
mIoU: 0.7575701355980083
