bare_ground, rocky_terrain: 0.3389059897506439
developed_structures, road: 0.003846956078046953
shrubs: 0.04613010572774813
trees: 0.0
sky: 0.7918283901511823
water: 0.7104468792065345
mIoU: 0.31519305348569265
