bare_ground, rocky_terrain: 0.338933546916808
developed_structures, road: 0.004528103716947611
shrubs: 0.04987649572257645
trees: 0.0
sky: 0.7093067236806688
water: 0.6415493238671897
mIoU: 0.29069903231736505
