bare_ground, developed_structures, road, rocky_terrain, shrubs, trees: 0.9553884601819379
sky: 0.9419673143803872
water: 0.9342534613978563
mIoU: 0.9438697453200605
