bare_ground, rocky_terrain: 0.4974763446520725
developed_structures, road: 0.1330130913572417
shrubs: 0.28937949250155365
trees: 0.0
sky: 0.8608542128281179
water: 0.8763446592237821
mIoU: 0.44284463342712804
