bare_ground, developed_structures, road, rocky_terrain, shrubs, trees: 0.9433620099850801
sky: 0.0
water: 0.9787714140874222
mIoU: 0.6407111413575007
