bare_ground, developed_structures, road, rocky_terrain, shrubs, trees: 0.9553369773499916
sky: 0.9428168667879426
water: 0.9340683173102311
mIoU: 0.9440740538160551
