bare_ground, rocky_terrain: 0.7446828726344635
developed_structures, road: 0.0028481352255160432
shrubs: 0.064605004015786
trees: 0.0
sky: 0.9359194511190883
water: 0.9286026096601145
mIoU: 0.4461096787758281
