bare_ground, developed_structures, road, rocky_terrain, shrubs, trees: 0.9192169745579973
sky: 0.8472989309502927
water: 0.9103879380561805
mIoU: 0.8923012811881569
