bare_ground, rocky_terrain: 0.5000015668170995
developed_structures, road: 0.1494694078662176
shrubs: 0.286550624308584
trees: 0.0
sky: 0.8663298953476355
water: 0.8790073934252163
mIoU: 0.4468931479607921
