bare_ground, rocky_terrain: 0.4643134951031854
developed_structures, road: 0.2540621362766339
shrubs: 0.270848999313366
trees: 0.0
sky: 0.4027787167872355
water: 0.93488211085908
mIoU: 0.3878142430565834
