bare_ground, rocky_terrain: 0.0
developed_structures, road: 0.102939806187104
shrubs: 0.0
trees: 0.8570733627324351
sky: 0.8087068948043562
water: 0.7736763132252106
mIoU: 0.42373272949151763
