bare_ground, developed_structures, road, rocky_terrain, shrubs, trees: 0.9435556445340988
sky: 0.0
water: 0.978818646142993
mIoU: 0.6407914302256973
