bare_ground, developed_structures, road, rocky_terrain, shrubs, trees: 0.8051156315474648
sky: 0.0
water: 0.6014522355660792
mIoU: 0.46885595570451466
