bare_ground, rocky_terrain: 0.0
developed_structures, road: 0.0
shrubs: 0.0
trees: 0.4495097610869713
sky: 0.6530002547702375
water: 0.0
mIoU: 0.1837516693095348
