bare_ground, rocky_terrain: 0.46175422334581473
developed_structures, road: 0.2425399708442381
shrubs: 0.27980839769741367
trees: 0.0
sky: 0.8472989309502927
water: 0.9315586681822146
mIoU: 0.46049336516999567
