bare_ground, rocky_terrain: 0.4427050942682729
developed_structures, road: 0.10207401779694568
shrubs: 0.0018006636660871324
trees: 0.0
sky: 0.8726739219607922
water: 0.8771243078281215
mIoU: 0.3827296675867033
