bare_ground, rocky_terrain: 0.46489126681751786
developed_structures, road: 0.2536591739998817
shrubs: 0.2711010568523717
trees: 0.0
sky: 0.4027787167872355
water: 0.9352742242440399
mIoU: 0.3879507397835078
