bare_ground, developed_structures, road, rocky_terrain, shrubs, trees: 0.6226334049171826
sky: 0.0
water: 0.3712808668434439
mIoU: 0.33130475725354214
