bare_ground, rocky_terrain: 0.5282584936898941
developed_structures, road: 0.1486382627737062
shrubs: 0.2925097106862019
trees: 0.0
sky: 0.8663298953476355
water: 0.8934896551179939
mIoU: 0.45487100293590527
