bare_ground, rocky_terrain: 0.334032340362635
developed_structures, road: 0.0038421744166350015
shrubs: 0.04139066850611419
trees: 0.0
sky: 0.6729887636406884
water: 0.7345924817859766
mIoU: 0.2978077381186749
