bare_ground, developed_structures, road, rocky_terrain, shrubs, trees: 0.8186994776953517
sky: 0.3015300967486353
water: 0.7071401761829512
mIoU: 0.6091232502089795
