bare_ground, rocky_terrain: 0.0
developed_structures, road: 0.0
shrubs: 0.0
trees: 0.9140078432984216
sky: 0.6155225701209404
water: 0.9677189518291198
mIoU: 0.4162082275414136
