bare_ground, rocky_terrain: 0.0
developed_structures, road: 0.0
shrubs: 0.0
trees: 0.4192643258350908
sky: 0.059563050481224705
water: 0.39803870520169915
mIoU: 0.14614434691966913
