bare_ground, rocky_terrain: 0.7158944748092951
developed_structures, road: 0.6339284639397988
shrubs: 0.15661090183491247
trees: 0.0
sky: 0.0
water: 0.9787876497877676
mIoU: 0.414203581728629
