bare_ground, rocky_terrain: 0.7467910748614927
developed_structures, road: 0.004208792495594268
shrubs: 0.06632028809883736
trees: 0.0
sky: 0.9428144118027849
water: 0.9313399687779693
mIoU: 0.4485790893394464
