bare_ground, rocky_terrain: 0.31920009112623743
developed_structures, road: 0.4447636711036347
shrubs: 0.5058188432803665
trees: 0.0
sky: 0.0
water: 0.5749052302366348
mIoU: 0.3074479726244789
