bare_ground, developed_structures, road, rocky_terrain, shrubs, trees: 0.7125887954883006
sky: 0.19141559705326516
water: 0.91643624488789
mIoU: 0.6068135458098186
