bare_ground, rocky_terrain: 0.0
developed_structures, road: 0.0
shrubs: 0.0
trees: 0.8894660255718857
sky: 0.6415530524442198
water: 0.9361891168536511
mIoU: 0.4112013658116261
