bare_ground, rocky_terrain: 0.7829192957452437
developed_structures, road: 0.0
shrubs: 0.018714909544603867
trees: 0.1693346569259759
sky: 0.951341652082628
water: 0.8605495146234424
mIoU: 0.4638100048203156
