bare_ground, rocky_terrain: 0.7592634697863215
developed_structures, road: 0.00035361046686981936
shrubs: 0.00040992456655967145
trees: 0.0
sky: 0.8898281363712702
water: 0.764989799682481
mIoU: 0.40247415681225046
