bare_ground, rocky_terrain: 0.7465179495790027
developed_structures, road: 0.0001978960524945318
shrubs: 0.0013541289061322955
trees: 0.0
sky: 0.6962403045101982
water: 0.7516270465823462
mIoU: 0.3659895542716957
