bare_ground, rocky_terrain: 0.004568595193072291
developed_structures, road: 0.2490226650029174
shrubs: 0.003488570624328012
trees: 0.0
sky: 0.0
water: 0.3462878339274802
mIoU: 0.10056127745796632
