bare_ground, rocky_terrain: 0.43231025777672205
developed_structures, road: 0.45627136754213254
shrubs: 0.3998756862902833
trees: 0.0
sky: 0.0
water: 0.6909888843267415
mIoU: 0.3299076993226466
