bare_ground, developed_structures, road, rocky_terrain, shrubs, trees: 0.7328244853156712
sky: 0.7803516809759643
water: 0.6317011066017376
mIoU: 0.7149590909644576
