bare_ground, rocky_terrain: 0.2740706107345055
developed_structures, road: 0.003802596507682811
shrubs: 0.03725981611849539
trees: 9.771986970684039e-05
sky: 0.11403190754420305
water: 0.5942484146507396
mIoU: 0.1705851775708889
