bare_ground, developed_structures, road, rocky_terrain, shrubs, trees: 0.8658858021449104
sky: 0.6415530524442198
water: 0.9187877568879855
mIoU: 0.8087422038257053
