bare_ground, rocky_terrain: 0.46205754265150606
developed_structures, road: 0.2571787098270447
shrubs: 0.27674709341633
trees: 0.0
sky: 0.3875014422219658
water: 0.9361031452678634
mIoU: 0.3865979888974517
