bare_ground, rocky_terrain: 0.721011942115745
developed_structures, road: 0.0005657062892644826
shrubs: 0.006375694227126466
trees: 0.0
sky: 0.9440213708773886
water: 0.927957920526817
mIoU: 0.4333221056727235
