bare_ground, rocky_terrain: 0.4992156248131343
developed_structures, road: 0.2831938949398916
shrubs: 0.31451893774488465
trees: 0.0
sky: 0.2618875885821447
water: 0.8780949812637372
mIoU: 0.37281850455729876
