bare_ground, developed_structures, road, rocky_terrain, shrubs, trees: 0.8975819677659942
sky: 0.6155225701209404
water: 0.9597145437636244
mIoU: 0.8242730272168529
