bare_ground, rocky_terrain: 0.7467254109836499
developed_structures, road: 0.004363732747245944
shrubs: 0.06891868508578324
trees: 0.0
sky: 0.9439084857118285
water: 0.9310886118558458
mIoU: 0.4491674877307256
