bare_ground, rocky_terrain: 0.3384735984324644
developed_structures, road: 0.0037581293835051537
shrubs: 0.045947478067825016
trees: 0.0
sky: 0.790481177418947
water: 0.7109382734746439
mIoU: 0.3149331094628976
