bare_ground, rocky_terrain: 0.4953037944881268
developed_structures, road: 0.2067513998988253
shrubs: 0.5312903987391078
trees: 0.0
sky: 0.8472989309502927
water: 0.9451093923759587
mIoU: 0.5042923194087185
