bare_ground, rocky_terrain: 0.3610439491816661
developed_structures, road: 0.25104260617163526
shrubs: 0.4422583356339597
trees: 0.0
sky: 0.8472989309502927
water: 0.9100348753647156
mIoU: 0.4686131162170449
