bare_ground, rocky_terrain: 0.4652927134485958
developed_structures, road: 0.25242212957134896
shrubs: 0.27089224842204884
trees: 0.0
sky: 0.4468180852260653
water: 0.9354361736044571
mIoU: 0.39514355837875265
