bare_ground, developed_structures, road, rocky_terrain, shrubs, trees: 0.9049479185575904
sky: 0.0
water: 0.9637023411561282
mIoU: 0.6228834199045729
