bare_ground, developed_structures, road, rocky_terrain, shrubs, trees: 0.9395770270202499
sky: 0.954947168025646
water: 0.8559848784770664
mIoU: 0.9168363578409875
