bare_ground, rocky_terrain: 0.7399210560537218
developed_structures, road: 0.001126884054542347
shrubs: 0.0631028859742801
trees: 0.0
sky: 0.8788707582612517
water: 0.9251833730464771
mIoU: 0.4347008262317121
