bare_ground, rocky_terrain: 0.4602061019037514
developed_structures, road: 0.25055814758979505
shrubs: 0.2745783694047882
trees: 0.0
sky: 0.8472989309502927
water: 0.9343797561104282
mIoU: 0.4611702176598425
