bare_ground, developed_structures, road, rocky_terrain, shrubs, trees: 0.9066586771239052
sky: 0.6155225701209404
water: 0.9677189518291198
mIoU: 0.8299667330246553
