bare_ground, developed_structures, road, rocky_terrain, shrubs, trees: 0.8758277877583086
sky: 0.6949704538135026
water: 0.7661518889582429
mIoU: 0.7789833768433514
