bare_ground, rocky_terrain: 0.7488028270647572
developed_structures, road: 0.008026649234479677
shrubs: 0.06566398020371726
trees: 0.0
sky: 0.8830341612271289
water: 0.8207364322483569
mIoU: 0.4210440083297399
