bare_ground, rocky_terrain: 0.6623227810481714
developed_structures, road: 0.00016567949302075135
shrubs: 0.0004584620565454838
trees: 0.0
sky: 0.1280962508998622
water: 0.7058547317842304
mIoU: 0.24948298421363838
