bare_ground, rocky_terrain: 0.3334725184378005
developed_structures, road: 0.0038403054485720944
shrubs: 0.04490083068409801
trees: 0.0
sky: 0.7099998511173642
water: 0.6940840788167166
mIoU: 0.2977162640840919
