bare_ground, rocky_terrain: 0.33724108772568195
developed_structures, road: 0.0027413821970773645
shrubs: 0.04178792254020363
trees: 0.0
sky: 0.48803437799638616
water: 0.7142138267206636
mIoU: 0.2640030995300021
