bare_ground, rocky_terrain: 0.33394216869035376
developed_structures, road: 0.00271017000228305
shrubs: 0.04185240593797463
trees: 0.0
sky: 0.8428524561812305
water: 0.7043409721686038
mIoU: 0.32094969549674096
