bare_ground, developed_structures, road, rocky_terrain, shrubs, trees: 0.9431613716537065
sky: 0.0
water: 0.9785853911324569
mIoU: 0.6405822542620544
