bare_ground, rocky_terrain: 0.3397918841400606
developed_structures, road: 0.004570723854370119
shrubs: 0.050576550359887104
trees: 0.0
sky: 0.6938000583028268
water: 0.6490516470780255
mIoU: 0.2896318106225284
