bare_ground, rocky_terrain: 0.2318841796060559
developed_structures, road: 0.00272704444207141
shrubs: 0.03549132680978674
trees: 0.0
sky: 0.13180169128071412
water: 0.6523709758675615
mIoU: 0.17571253633436498
