bare_ground, rocky_terrain: 0.5303471991654051
developed_structures, road: 0.1486823182693231
shrubs: 0.3229739226180998
trees: 0.0
sky: 0.8658441773309916
water: 0.8947316282450923
mIoU: 0.4604298742714854
