bare_ground, rocky_terrain: 0.3068445647840688
developed_structures, road: 0.20452832367312127
shrubs: 0.2727432356554572
trees: 0.0
sky: 0.011701460055448127
water: 0.8244102495931996
mIoU: 0.2700379722935492
