bare_ground, rocky_terrain: 0.7470738451403368
developed_structures, road: 0.00541173764236137
shrubs: 0.07571285030462381
trees: 0.0
sky: 0.9436461454543182
water: 0.9337323243590897
mIoU: 0.4509294838167883
