bare_ground, rocky_terrain: 0.46380881295384674
developed_structures, road: 0.24648042800931907
shrubs: 0.27415268846336294
trees: 0.0
sky: 0.9063627292961854
water: 0.9304652957702826
mIoU: 0.47021165908216617
