bare_ground, rocky_terrain: 0.4996768385728009
developed_structures, road: 0.14700183875004716
shrubs: 0.2970594241977231
trees: 0.0
sky: 0.861084886615286
water: 0.8779218878785223
mIoU: 0.44712414600239664
