bare_ground, rocky_terrain: 0.0
developed_structures, road: 0.0
shrubs: 0.0
trees: 0.8699444167581095
sky: 0.8089930443901746
water: 0.82929878454445
mIoU: 0.4180393742821224
