bare_ground, rocky_terrain: 0.4999861957399823
developed_structures, road: 0.14906119193138798
shrubs: 0.28636571712079667
trees: 0.0
sky: 0.8660431875983289
water: 0.8789556195337871
mIoU: 0.4467353186540471
