bare_ground, developed_structures, road, rocky_terrain, shrubs, trees: 0.866115461311302
sky: 0.0
water: 0.6188736334636332
mIoU: 0.4949963649249784
