bare_ground, developed_structures, road, rocky_terrain, shrubs, trees: 0.9343082462713612
sky: 0.8472989309502927
water: 0.9216253173952588
mIoU: 0.9010774982056375
