bare_ground, rocky_terrain: 0.33655343102117447
developed_structures, road: 0.0027460342537492465
shrubs: 0.04439605695856564
trees: 0.0
sky: 0.8451254413383575
water: 0.7197931253616985
mIoU: 0.32476901482225756
