bare_ground, developed_structures, road, rocky_terrain, shrubs, trees: 0.9094323777025289
sky: 0.6245422289884035
water: 0.9691809530649874
mIoU: 0.8343851865853066
