bare_ground, developed_structures, road, rocky_terrain, shrubs, trees: 0.9428475624194917
sky: 0.0
water: 0.9784595638194616
mIoU: 0.6404357087463178
