bare_ground, rocky_terrain: 0.4499581819663262
developed_structures, road: 0.25162406713162244
shrubs: 0.27809837379286895
trees: 0.0
sky: 0.8472989309502927
water: 0.9312577681466766
mIoU: 0.4597062203312978
