bare_ground, rocky_terrain: 0.7593771042830466
developed_structures, road: 0.0038473869830073742
shrubs: 0.00013359148820917864
trees: 0.0
sky: 0.891265533353216
water: 0.7646717738649416
mIoU: 0.4032158983287368
