bare_ground, developed_structures, road, rocky_terrain, shrubs, trees: 0.8869528487821264
sky: 0.8776303217802225
water: 0.9133523355674215
mIoU: 0.8926451687099234
