bare_ground, rocky_terrain: 0.7466650754822851
developed_structures, road: 0.004817049764900512
shrubs: 0.0731230191026539
trees: 0.0
sky: 0.9429248903174314
water: 0.9310913348878418
mIoU: 0.4497702282591855
