bare_ground, rocky_terrain: 0.0
developed_structures, road: 0.0
shrubs: 0.0
trees: 0.8617663311932142
sky: 0.804253015396267
water: 0.8323483934710406
mIoU: 0.41639462334342037
