bare_ground, rocky_terrain: 0.5285087629570502
developed_structures, road: 0.14893791533836778
shrubs: 0.2839804733607248
trees: 0.0
sky: 0.8660431875983289
water: 0.8934001937659625
mIoU: 0.45347842217007245
