bare_ground, rocky_terrain: 0.0
developed_structures, road: 0.0
shrubs: 0.0
trees: 0.7428100466747054
sky: 0.4260385250603876
water: 0.9517100053511918
mIoU: 0.35342642951438075
