bare_ground, rocky_terrain: 0.0
developed_structures, road: 0.0
shrubs: 0.0
trees: 0.8601289662727569
sky: 0.8137484681594447
water: 0.8329413500167143
mIoU: 0.417803130741486
