bare_ground, developed_structures, road, rocky_terrain, shrubs, trees: 0.7133718928665537
sky: 0.23966152920145437
water: 0.6840311575396287
mIoU: 0.5456881932025456
