bare_ground, rocky_terrain: 0.5429535600437994
developed_structures, road: 0.002104147303468037
shrubs: 0.026270536510221605
trees: 0.0
sky: 0.19527299168861004
water: 0.5787322664383873
mIoU: 0.2242222503307477
