bare_ground, rocky_terrain: 0.19465505761986468
developed_structures, road: 0.09650257830206621
shrubs: 0.22266333203512204
trees: 0.0
sky: 0.21681720000996518
water: 0.5984969068954769
mIoU: 0.22152251247708246
