bare_ground, rocky_terrain: 0.462352978253434
developed_structures, road: 0.24887430528849747
shrubs: 0.27426120996441283
trees: 0.0
sky: 0.8606933747965307
water: 0.9322624891050906
mIoU: 0.4630740595679943
