bare_ground, rocky_terrain: 0.5112042856552088
developed_structures, road: 0.14829444224575908
shrubs: 0.30366746824910623
trees: 0.0
sky: 0.8663298953476355
water: 0.8869063279869042
mIoU: 0.45273373658076893
