bare_ground, rocky_terrain: 0.45740803321608764
developed_structures, road: 0.256862885652696
shrubs: 0.2737117537397186
trees: 0.0
sky: 0.4027787167872355
water: 0.9347199363349361
mIoU: 0.3875802209551123
