bare_ground, rocky_terrain: 0.0
developed_structures, road: 0.0
shrubs: 0.0
trees: 0.9159768397801298
sky: 0.6048137935616756
water: 0.9677408145787412
mIoU: 0.4147552413200912
