bare_ground, developed_structures, road, rocky_terrain, shrubs, trees: 0.8949227214915372
sky: 0.6155225701209404
water: 0.955773951447938
mIoU: 0.8220730810201385
