bare_ground, developed_structures, road, rocky_terrain, shrubs, trees: 0.9429525480310789
sky: 0.0
water: 0.9785896693025083
mIoU: 0.6405140724445291
