bare_ground, rocky_terrain: 0.4599763041038883
developed_structures, road: 0.24639209070455753
shrubs: 0.2741003920929316
trees: 0.0
sky: 0.8472989309502927
water: 0.931693881863303
mIoU: 0.4599102666191622
