bare_ground, developed_structures, road, rocky_terrain, shrubs, trees: 0.8404560861637067
sky: 0.8778545353490569
water: 0.8806986732259199
mIoU: 0.8663364315795611
