bare_ground, developed_structures, road, rocky_terrain, shrubs, trees: 0.9433511804357474
sky: 0.0
water: 0.9786612607590143
mIoU: 0.6406708137315872
