bare_ground, developed_structures, road, rocky_terrain, shrubs, trees: 0.9065420131545607
sky: 0.0
water: 0.7092731323759894
mIoU: 0.5386050485101834
