bare_ground, rocky_terrain: 0.5035371614681876
developed_structures, road: 0.1401873048907388
shrubs: 0.41029907265660154
trees: 0.0
sky: 0.87034218653583
water: 0.9014842689874243
mIoU: 0.47097499908979706
