bare_ground, rocky_terrain: 0.7456757147698156
developed_structures, road: 0.0051994156699830905
shrubs: 0.07062662743688625
trees: 0.0
sky: 0.9435074718583363
water: 0.9317803405080267
mIoU: 0.4494649283738414
