bare_ground, rocky_terrain: 0.749031488819042
developed_structures, road: 0.00331012308854434
shrubs: 0.07368170671591329
trees: 0.0
sky: 0.94264353917507
water: 0.9287541675547865
mIoU: 0.449570170892226
