bare_ground, developed_structures, road, rocky_terrain, shrubs, trees: 0.9185711002444851
sky: 0.5158828476018056
water: 0.9731532839867585
mIoU: 0.8025357439443498
