bare_ground, developed_structures, road, rocky_terrain, shrubs, trees: 0.6799543840288983
sky: 0.6858216171491673
water: 0.7621020782135252
mIoU: 0.7092926931305303
