bare_ground, rocky_terrain: 0.7323607347351409
developed_structures, road: 0.0031397280776411423
shrubs: 0.06227339746304352
trees: 0.0
sky: 0.7916415593205258
water: 0.9226111866672033
mIoU: 0.41867110104392585
