bare_ground, developed_structures, road, rocky_terrain, shrubs, trees: 0.9353905297163034
sky: 0.9517930335575794
water: 0.8469394182582964
mIoU: 0.9113743271773931
