bare_ground, rocky_terrain: 0.3304715516441376
developed_structures, road: 0.459535888507925
shrubs: 0.42463045181240366
trees: 0.0
sky: 0.0
water: 0.579767354982827
mIoU: 0.2990675411578822
