bare_ground, rocky_terrain: 0.3017054830281673
developed_structures, road: 0.0027451309947497593
shrubs: 0.04176880870808003
trees: 0.0
sky: 0.8427511230589881
water: 0.7097604077667237
mIoU: 0.31645515892611814
