bare_ground, developed_structures, road, rocky_terrain, shrubs, trees: 0.8913471015006316
sky: 0.6773244083049171
water: 0.8116062559322427
mIoU: 0.7934259219125971
