bare_ground, developed_structures, road, rocky_terrain, shrubs, trees: 0.9555357987216121
sky: 0.9423851104117471
water: 0.9344276366555059
mIoU: 0.9441161819296218
