bare_ground, rocky_terrain: 0.49911186796970897
developed_structures, road: 0.14890683734022628
shrubs: 0.2974851569478971
trees: 0.0
sky: 0.8660431875983289
water: 0.8792171133964866
mIoU: 0.44846069387544135
