bare_ground, developed_structures, road, rocky_terrain, shrubs, trees: 0.8352246425933262
sky: 0.0
water: 0.579180343098221
mIoU: 0.47146832856384907
