bare_ground, developed_structures, road, rocky_terrain, shrubs, trees: 0.9267327740580159
sky: 0.796447100221299
water: 0.8383084228335344
mIoU: 0.8538294323709498
