bare_ground, rocky_terrain: 0.0
developed_structures, road: 0.0
shrubs: 0.0
trees: 0.8268595853004531
sky: 0.8090809009922503
water: 0.7069665956425578
mIoU: 0.39048451365587683
