bare_ground, developed_structures, road, rocky_terrain, shrubs, trees: 0.9432813095856847
sky: 0.0
water: 0.9786310590942995
mIoU: 0.6406374562266614
