bare_ground, rocky_terrain: 0.0
developed_structures, road: 0.0
shrubs: 0.0
trees: 0.9027522241269041
sky: 0.6061693665728974
water: 0.9575198609679324
mIoU: 0.4110735752779557
