bare_ground, developed_structures, road, rocky_terrain, shrubs, trees: 0.8393477011745082
sky: 0.8612799207092718
water: 0.7354904419276692
mIoU: 0.8120393546038164
