bare_ground, developed_structures, road, rocky_terrain, shrubs, trees: 0.7286603498905211
sky: 0.8284012464277816
water: 0.6457604663208625
mIoU: 0.7342740208797217
