bare_ground, developed_structures, road, rocky_terrain, shrubs, trees: 0.9168764862709999
sky: 0.4260385250603876
water: 0.9517100053511918
mIoU: 0.7648750055608597
