bare_ground, rocky_terrain: 0.7138143254090075
developed_structures, road: 0.017105854438912157
shrubs: 0.09532102999814121
trees: 0.0
sky: 0.6568402769346747
water: 0.856002202592159
mIoU: 0.389847281562149
