bare_ground, rocky_terrain: 0.49612912950710847
developed_structures, road: 0.26816889064283217
shrubs: 0.28153255618905354
trees: 0.0
sky: 0.14911709431926018
water: 0.8675189306914419
mIoU: 0.3437444335582827
