bare_ground, developed_structures, road, rocky_terrain, shrubs, trees: 0.8403028607653463
sky: 0.8778545353490569
water: 0.8805957496090754
mIoU: 0.8662510485744929
