bare_ground, rocky_terrain: 0.730604971068563
developed_structures, road: 0.001291842103495172
shrubs: 0.06446078562437915
trees: 0.0
sky: 0.8202729688096011
water: 0.9151674903376863
mIoU: 0.4219663429906208
