bare_ground, rocky_terrain: 0.7339850503229365
developed_structures, road: 0.002210218944404049
shrubs: 0.06468277916739688
trees: 0.0
sky: 0.8666886391044563
water: 0.9138273806852654
mIoU: 0.4302323447040765
