bare_ground, rocky_terrain: 0.0
developed_structures, road: 0.0
shrubs: 0.0
trees: 0.8653597686681936
sky: 0.8003104860245682
water: 0.8461560314918127
mIoU: 0.4186377143640958
