bare_ground, developed_structures, road, rocky_terrain, shrubs, trees: 0.6804126467258912
sky: 0.6858216171491673
water: 0.7623355918722262
mIoU: 0.7095232852490949
