bare_ground, rocky_terrain: 0.7780735068078574
developed_structures, road: 0.0
shrubs: 1.0692323283789137e-05
trees: 0.0
sky: 0.9534563902588322
water: 0.8293237138066197
mIoU: 0.42681071719943214
