bare_ground, rocky_terrain: 0.0
developed_structures, road: 0.0
shrubs: 0.0
trees: 0.8660275629284834
sky: 0.8003104860245682
water: 0.8173548803890257
mIoU: 0.41394882155701285
