bare_ground, rocky_terrain: 0.0
developed_structures, road: 0.0
shrubs: 0.0
trees: 0.913520185052205
sky: 0.6155225701209404
water: 0.9672291351278169
mIoU: 0.41604531505016035
