bare_ground, rocky_terrain: 0.43313836874592926
developed_structures, road: 0.10263930889593917
shrubs: 0.38060016793011536
trees: 0.0
sky: 0.8695466406151875
water: 0.917037603327297
mIoU: 0.4504936815857447
