bare_ground, rocky_terrain: 0.56516674973236
developed_structures, road: 0.00023605480576794786
shrubs: 0.002175578198935309
trees: 0.0
sky: 0.05037508293208437
water: 0.5411824763035381
mIoU: 0.19318932366211428
