bare_ground, rocky_terrain: 0.4974364615213465
developed_structures, road: 0.1490288678422653
shrubs: 0.2932427003739117
trees: 0.0
sky: 0.8663298953476355
water: 0.8791729586454446
mIoU: 0.4475351472884339
