bare_ground, developed_structures, road, rocky_terrain, shrubs, trees: 0.44365706975019537
sky: 0.6228379604337798
water: 0.0
mIoU: 0.35549834339465836
