bare_ground, rocky_terrain: 0.2440801703365574
developed_structures, road: 0.0
shrubs: 0.009910522659265838
trees: 0.0
sky: 0.22790448734787422
water: 0.19001270618343633
mIoU: 0.11198464775452231
