bare_ground, rocky_terrain: 0.5023711389270186
developed_structures, road: 0.2814536518993126
shrubs: 0.3154903948768787
trees: 0.0
sky: 0.6859767617608161
water: 0.878075216581303
mIoU: 0.44389452734088825
