bare_ground, rocky_terrain: 0.7592187306108101
developed_structures, road: 0.0038597219340112056
shrubs: 0.00040992456655967145
trees: 0.0
sky: 0.891265533353216
water: 0.7648790770978081
mIoU: 0.4032721645937342
