bare_ground, rocky_terrain: 0.0
developed_structures, road: 0.0
shrubs: 0.0
trees: 0.6643751089621587
sky: 0.4389104088407082
water: 0.9575439904031736
mIoU: 0.34347158470100675
