bare_ground, rocky_terrain: 0.15263543575189625
developed_structures, road: 0.0024096421704826055
shrubs: 0.031795217531264616
trees: 0.0
sky: 0.08341330755482919
water: 0.4093046034923395
mIoU: 0.11325970108346867
