bare_ground, rocky_terrain: 0.4568192290183547
developed_structures, road: 0.2502004578946385
shrubs: 0.267393836367319
trees: 0.0
sky: 0.08794829147311235
water: 0.930566681089493
mIoU: 0.3321547493071529
