bare_ground, rocky_terrain: 0.7660973987361924
developed_structures, road: 0.0
shrubs: 7.425727640089832e-05
trees: 0.0
sky: 0.8891976079755639
water: 0.835807863640944
mIoU: 0.4151961879381835
