bare_ground, developed_structures, road, rocky_terrain, shrubs, trees: 0.9174056309226502
sky: 0.5279838051017874
water: 0.9712033167259336
mIoU: 0.805530917583457
