bare_ground, rocky_terrain: 0.4639608001420621
developed_structures, road: 0.2522140818849777
shrubs: 0.27443521478069155
trees: 0.0
sky: 0.7929236912156167
water: 0.9341337189968871
mIoU: 0.45294458450337255
