bare_ground, rocky_terrain: 0.31212993688998997
developed_structures, road: 0.0027570678380859576
shrubs: 0.035998025363441245
trees: 0.0
sky: 0.2452488079591159
water: 0.6737968344358185
mIoU: 0.21165511208107526
