bare_ground, rocky_terrain: 0.7593575681516967
developed_structures, road: 0.0038459947892973824
shrubs: 0.0005206407999385113
trees: 0.0
sky: 0.891265533353216
water: 0.7646980061065096
mIoU: 0.403281290533443
