bare_ground, rocky_terrain: 0.3384674532070792
developed_structures, road: 0.0038388127149863284
shrubs: 0.044102599085885805
trees: 0.0
sky: 0.8846122801771817
water: 0.7327032363545221
mIoU: 0.3339540635899425
