bare_ground, rocky_terrain: 0.49248310578137755
developed_structures, road: 0.14866421866293275
shrubs: 0.33106282721257796
trees: 0.0
sky: 0.866301326043751
water: 0.8775521615854175
mIoU: 0.45267727321434276
