bare_ground, developed_structures, road, rocky_terrain, shrubs, trees: 0.8380098620862522
sky: 0.0
water: 0.582554019324718
mIoU: 0.47352129380365665
