bare_ground, rocky_terrain: 0.0
developed_structures, road: 0.0
shrubs: 0.0
trees: 0.9144840788395222
sky: 0.6183972739014003
water: 0.9673930017473122
mIoU: 0.4167123924147058
