bare_ground, rocky_terrain: 0.7187124180536578
developed_structures, road: 0.6547863580093333
shrubs: 0.14293235941285654
trees: 0.0
sky: 0.0
water: 0.9786775121891998
mIoU: 0.4158514412775079
