bare_ground, rocky_terrain: 0.44383202035954844
developed_structures, road: 0.11502844640981987
shrubs: 0.45088034168644836
trees: 0.0
sky: 0.871153717235369
water: 0.8976408412885926
mIoU: 0.46308922782996303
