bare_ground, rocky_terrain: 0.4513152903861591
developed_structures, road: 0.258299506518417
shrubs: 0.2738105791126771
trees: 0.0
sky: 0.08833297912826013
water: 0.9281443676696828
mIoU: 0.33331712046919937
