bare_ground, rocky_terrain: 0.4518060829288042
developed_structures, road: 0.2547152018282129
shrubs: 0.28072418722950593
trees: 0.0
sky: 0.8472989309502927
water: 0.9259519188146484
mIoU: 0.46008272029191066
