bare_ground, rocky_terrain: 0.5226023467437222
developed_structures, road: 0.14926903561170404
shrubs: 0.2958205075046197
trees: 0.0
sky: 0.865659218513473
water: 0.8926986862397038
mIoU: 0.45434163243553716
