bare_ground, rocky_terrain: 0.0
developed_structures, road: 0.0
shrubs: 0.0
trees: 0.9129879085332196
sky: 0.6228379604337798
water: 0.9684072086738836
mIoU: 0.4173721796068139
