bare_ground, rocky_terrain: 0.318262392146494
developed_structures, road: 0.4494415387170019
shrubs: 0.5095687844643764
trees: 0.0
sky: 0.0
water: 0.5757035221918754
mIoU: 0.30882937291995793
