bare_ground, rocky_terrain: 0.0
developed_structures, road: 0.0
shrubs: 0.0
trees: 0.8484735552249377
sky: 0.7379639708780695
water: 0.8422012728965615
mIoU: 0.40477313316659486
