bare_ground, rocky_terrain: 0.34337105507658067
developed_structures, road: 0.002759425046018038
shrubs: 0.042128336013325
trees: 0.0
sky: 0.7739915680971101
water: 0.7106368936706745
mIoU: 0.3121478796506181
