bare_ground, rocky_terrain: 0.0
developed_structures, road: 0.0
shrubs: 0.0
trees: 0.7435026999565463
sky: 0.5154329287449231
water: 0.97288553250801
mIoU: 0.3719701935349133
