bare_ground, rocky_terrain: 0.6860663993565219
developed_structures, road: 0.4863933741114599
shrubs: 0.011362234350854365
trees: 0.0
sky: 0.0
water: 0.9786256639648683
mIoU: 0.3604079452972841
