bare_ground, developed_structures, road, rocky_terrain, shrubs, trees: 0.8389920417740334
sky: 0.0
water: 0.5845338899462112
mIoU: 0.47450864390674824
