bare_ground, rocky_terrain: 0.5012890788253456
developed_structures, road: 0.1487449367416935
shrubs: 0.2870668421072334
trees: 0.0
sky: 0.8625853361707614
water: 0.8783811036811183
mIoU: 0.44634454958769204
