bare_ground, rocky_terrain: 0.0
developed_structures, road: 0.0
shrubs: 0.0
trees: 0.7127197479708695
sky: 0.525200358249988
water: 0.9400532505213629
mIoU: 0.3629955594570367
