bare_ground, rocky_terrain: 0.5028430678394273
developed_structures, road: 0.15298719869320052
shrubs: 0.297805852930114
trees: 0.0
sky: 0.8752922029464134
water: 0.8765266689070583
mIoU: 0.4509091652193689
