bare_ground, rocky_terrain: 0.6332001150513342
developed_structures, road: 0.0006599007431646899
shrubs: 0.028540194102357582
trees: 0.0
sky: 0.38949750327792293
water: 0.7646751289450598
mIoU: 0.30276214035330656
