bare_ground, rocky_terrain: 0.7639828683875448
developed_structures, road: 0.00015682174594877155
shrubs: 0.0008175203283965458
trees: 0.0
sky: 0.7586916239439382
water: 0.7797166628100386
mIoU: 0.3838942495359778
