bare_ground, rocky_terrain: 0.0
developed_structures, road: 0.0
shrubs: 0.0
trees: 0.7442706533735757
sky: 0.5183131426813838
water: 0.9727022720828664
mIoU: 0.372547678022971
