bare_ground, rocky_terrain: 0.455578377599305
developed_structures, road: 0.2537461521201938
shrubs: 0.2692489976091337
trees: 0.0
sky: 0.49916165302298054
water: 0.9324183474950586
mIoU: 0.4016922546411119
