bare_ground, rocky_terrain: 0.5001254715019957
developed_structures, road: 0.13504416799172564
shrubs: 0.29687812403422964
trees: 0.0
sky: 0.8054013938561114
water: 0.8688982546781726
mIoU: 0.43439123534370583
