bare_ground, rocky_terrain: 0.43857208309586865
developed_structures, road: 0.23133815754356057
shrubs: 0.2738876011280732
trees: 0.0
sky: 0.8472989309502927
water: 0.9241966886694053
mIoU: 0.4525489102312001
