bare_ground, rocky_terrain: 0.3098066876567186
developed_structures, road: 0.31902322609576206
shrubs: 0.49979087622151075
trees: 0.0
sky: 0.0
water: 0.5621812998255785
mIoU: 0.28180034829992834
