bare_ground, rocky_terrain: 0.4222159677975689
developed_structures, road: 0.0992757707478239
shrubs: 0.260047907972302
trees: 0.0
sky: 0.5753758920819128
water: 0.8574847455179783
mIoU: 0.3690667140195976
