bare_ground, rocky_terrain: 0.46139379394385127
developed_structures, road: 0.25127311819412623
shrubs: 0.27061347745065656
trees: 0.0
sky: 0.8472989309502927
water: 0.9354442800030572
mIoU: 0.461003933423664
