bare_ground, rocky_terrain: 0.46487638059411585
developed_structures, road: 0.054854430948300864
shrubs: 0.2737073338672236
trees: 0.0
sky: 0.8698559454406867
water: 0.8645363794639932
mIoU: 0.42130507838572
