bare_ground, rocky_terrain: 0.39758011200668525
developed_structures, road: 0.017568913111833142
shrubs: 0.002425916235159242
trees: 0.0
sky: 0.4507471856790373
water: 0.40929608504565196
mIoU: 0.2129363686797278
