bare_ground, developed_structures, road, rocky_terrain, shrubs, trees: 0.6091340363800438
sky: 0.0
water: 0.7628723523964701
mIoU: 0.45733546292550464
