bare_ground, developed_structures, road, rocky_terrain, shrubs, trees: 0.8896828988578986
sky: 0.8990557409665618
water: 0.7772966232975695
mIoU: 0.8553450877073434
