bare_ground, rocky_terrain: 0.7531115903559685
developed_structures, road: 0.003868109929188633
shrubs: 0.00040992456655967145
trees: 0.0
sky: 0.8832713959747942
water: 0.7515636653014088
mIoU: 0.3987041143546533
