bare_ground, rocky_terrain: 0.46234513029239943
developed_structures, road: 0.2428803829573539
shrubs: 0.29351523466986507
trees: 0.0
sky: 0.8464620774048036
water: 0.9286550250168016
mIoU: 0.4623096417235373
