bare_ground, rocky_terrain: 0.6614418499605499
developed_structures, road: 0.45386521315075007
shrubs: 0.144975909908864
trees: 0.0
sky: 0.0
water: 0.9726728813104331
mIoU: 0.3721593090550995
