bare_ground, rocky_terrain: 0.0
developed_structures, road: 0.0
shrubs: 0.0
trees: 0.6047038489593612
sky: 0.31145072467738844
water: 0.8854531850028923
mIoU: 0.30026795977327364
