bare_ground, developed_structures, road, rocky_terrain, shrubs, trees: 0.7676116982684645
sky: 0.5674687185933986
water: 0.43072830669194134
mIoU: 0.5886029078512681
