bare_ground, rocky_terrain: 0.5982795595095155
developed_structures, road: 0.22927501466634514
shrubs: 0.5015473149982266
trees: 0.0
sky: 0.822134046243346
water: 0.8572522894776157
mIoU: 0.5014147041491749
