bare_ground, rocky_terrain: 0.7303848146388471
developed_structures, road: 0.003868109929188633
shrubs: 0.0005005105756878132
trees: 0.0
sky: 0.8329375476150659
water: 0.7073260062555827
mIoU: 0.37916949816906204
