bare_ground, rocky_terrain: 0.460316047607158
developed_structures, road: 0.2520468702739747
shrubs: 0.2880144311808136
trees: 0.0
sky: 0.43452098756427554
water: 0.9276394120399961
mIoU: 0.3937562914443697
