bare_ground, rocky_terrain: 0.0
developed_structures, road: 0.0
shrubs: 0.0
trees: 0.7596392737003724
sky: 0.3880727029895104
water: 0.8879974499537734
mIoU: 0.3392849044406094
