bare_ground, rocky_terrain: 0.7451115255450811
developed_structures, road: 0.0058768604419631035
shrubs: 0.0691616806542719
trees: 0.0
sky: 0.9436680450805622
water: 0.9281047013398143
mIoU: 0.44865380217694883
