bare_ground, rocky_terrain: 0.4659781210133597
developed_structures, road: 0.2480259696267462
shrubs: 0.2743092891121127
trees: 0.0
sky: 0.8472989309502927
water: 0.9343205067519061
mIoU: 0.4616554695757362
