bare_ground, rocky_terrain: 0.7601239247263804
developed_structures, road: 0.0
shrubs: 0.012794387584009994
trees: 0.0
sky: 0.855094058483889
water: 0.7845259059054854
mIoU: 0.40208971278329414
