bare_ground, rocky_terrain: 0.4566763855124879
developed_structures, road: 0.1044283534881764
shrubs: 0.0007408126282823266
trees: 0.0
sky: 0.8743155999018366
water: 0.8799617794655673
mIoU: 0.3860204884993918
