bare_ground, rocky_terrain: 0.4527799427960889
developed_structures, road: 0.25020957931447557
shrubs: 0.2714199293741042
trees: 0.0
sky: 0.8472989309502927
water: 0.9298442827824611
mIoU: 0.45859211086957036
