bare_ground, rocky_terrain: 0.3087336958143405
developed_structures, road: 0.3897823308457364
shrubs: 0.497528591706277
trees: 0.0
sky: 0.0
water: 0.5760048289977477
mIoU: 0.2953415745606836
