bare_ground, rocky_terrain: 0.43024858445279884
developed_structures, road: 0.22109560605308642
shrubs: 0.28509902723059355
trees: 0.0
sky: 0.020820215733431343
water: 0.9089774302885714
mIoU: 0.31104014395974694
