bare_ground, rocky_terrain: 0.3514241800032005
developed_structures, road: 0.004454159697801176
shrubs: 0.04810058120276786
trees: 0.0
sky: 0.8519403623912113
water: 0.7392323078546866
mIoU: 0.33252526519161124
