bare_ground, rocky_terrain: 0.7709322872349633
developed_structures, road: 0.0038459947892973824
shrubs: 0.0007795886846179466
trees: 0.0
sky: 0.8186384907867797
water: 0.7845220235513497
mIoU: 0.3964530641745014
