bare_ground, rocky_terrain: 0.4650823012225354
developed_structures, road: 0.2526818816442425
shrubs: 0.2706569856011014
trees: 0.0
sky: 0.45471892531389535
water: 0.935385020899746
mIoU: 0.3964208524469201
