bare_ground, rocky_terrain: 0.5853439630753665
developed_structures, road: 0.03531104222306144
shrubs: 0.39267169548371933
trees: 0.0
sky: 0.0
water: 0.9538678768565563
mIoU: 0.3278657629397839
