bare_ground, rocky_terrain: 0.34634223554369054
developed_structures, road: 0.003836065360681515
shrubs: 0.04467271083832188
trees: 0.0
sky: 0.8131619704538157
water: 0.7432554144497737
mIoU: 0.3252113994410472
