bare_ground, rocky_terrain: 0.0
developed_structures, road: 0.0
shrubs: 0.0
trees: 0.861924500826338
sky: 0.804253015396267
water: 0.8324595596037729
mIoU: 0.41643951263772966
