bare_ground, developed_structures, road, rocky_terrain, shrubs, trees: 0.9125748128842744
sky: 0.807794217613283
water: 0.7864095342051806
mIoU: 0.8355928549009127
