bare_ground, rocky_terrain: 0.746927482859096
developed_structures, road: 0.005612877877325715
shrubs: 0.06643055293190427
trees: 0.0
sky: 0.9432155262099126
water: 0.9257484490861468
mIoU: 0.44798914816073093
