bare_ground, rocky_terrain: 0.7418251376362012
developed_structures, road: 0.002869943410109135
shrubs: 0.06646314488818379
trees: 0.0
sky: 0.9137281900323013
water: 0.9273965302172572
mIoU: 0.4420471576973421
