bare_ground, developed_structures, road, rocky_terrain, shrubs, trees: 0.8473440884130922
sky: 0.0
water: 0.5960541017477994
mIoU: 0.48113273005363055
