bare_ground, rocky_terrain: 0.7592584291572765
developed_structures, road: 0.0038597219340112056
shrubs: 0.0005005105756878132
trees: 0.0
sky: 0.8895286231408965
water: 0.7647179606129337
mIoU: 0.40297754090346755
