bare_ground, developed_structures, road, rocky_terrain, shrubs, trees: 0.844569524211746
sky: 0.0
water: 0.5917125227209877
mIoU: 0.47876068231091123
