bare_ground, developed_structures, road, rocky_terrain, shrubs, trees: 0.856147726838451
sky: 0.878352924654276
water: 0.8928934941183374
mIoU: 0.8757980485370215
