bare_ground, developed_structures, road, rocky_terrain, shrubs, trees: 0.8966907223868761
sky: 0.43422700181545415
water: 0.9722648282121658
mIoU: 0.7677275174714987
