bare_ground, rocky_terrain: 0.7163812969585133
developed_structures, road: 0.6335747186629321
shrubs: 0.1504277731446026
trees: 0.0
sky: 0.0
water: 0.9786460096000621
mIoU: 0.4131716330610184
