bare_ground, rocky_terrain: 0.0
developed_structures, road: 0.0
shrubs: 0.0
trees: 0.9042809329849519
sky: 0.6155225701209404
water: 0.9579345185843267
mIoU: 0.4129563369483698
