bare_ground, rocky_terrain: 0.5000696426926707
developed_structures, road: 0.14709061159307227
shrubs: 0.28620074157825703
trees: 0.0
sky: 0.8641921067831095
water: 0.8788483568739031
mIoU: 0.4460669099201688
