bare_ground, rocky_terrain: 0.32220381956322347
developed_structures, road: 0.4426894747760744
shrubs: 0.5098883428395425
trees: 0.0
sky: 0.0
water: 0.5782012073206569
mIoU: 0.30883047408324954
