bare_ground, developed_structures, road, rocky_terrain, shrubs, trees: 0.6998194878718502
sky: 0.0
water: 0.973319142773977
mIoU: 0.5577128768819425
