bare_ground, rocky_terrain: 0.0014516714293711333
developed_structures, road: 0.14066750113830057
shrubs: 0.001015686802297424
trees: 0.0
sky: 0.8472989309502927
water: 0.7623018040469635
mIoU: 0.29212259906120425
