bare_ground, rocky_terrain: 0.31193404367699495
developed_structures, road: 0.24942529459032967
shrubs: 0.5116845821290961
trees: 0.0
sky: 0.0
water: 0.5782371491938125
mIoU: 0.2752135115983722
