bare_ground, developed_structures, road, rocky_terrain, shrubs, trees: 0.9053428559856729
sky: 0.0
water: 0.9646207637877131
mIoU: 0.6233212065911287
