bare_ground, rocky_terrain: 0.32586289555056214
developed_structures, road: 0.003835123331473868
shrubs: 0.04472678278246248
trees: 0.0
sky: 0.8418166779279611
water: 0.7135974469287151
mIoU: 0.32163982108686245
