bare_ground, rocky_terrain: 0.0
developed_structures, road: 0.0
shrubs: 0.0
trees: 0.8618438209375613
sky: 0.804253015396267
water: 0.8321706465529285
mIoU: 0.4163779138144595
