bare_ground, rocky_terrain: 0.0
developed_structures, road: 0.0
shrubs: 0.0
trees: 0.7430190330555425
sky: 0.5183336077317294
water: 0.971176350738318
mIoU: 0.37208816525426497
