bare_ground, developed_structures, road, rocky_terrain, shrubs, trees: 0.9402035420910699
sky: 0.8472989309502927
water: 0.9324037792830726
mIoU: 0.9066354174414784
