bare_ground, rocky_terrain: 0.0
developed_structures, road: 0.0
shrubs: 0.0
trees: 0.9274268811904083
sky: 0.6664664139459843
water: 0.9668040292235117
mIoU: 0.42678288739331743
