bare_ground, rocky_terrain: 0.33742170958893414
developed_structures, road: 0.002706702272307473
shrubs: 0.04586163499123645
trees: 0.0
sky: 0.7977527620894592
water: 0.7050058881531835
mIoU: 0.31479144951585347
