bare_ground, developed_structures, road, rocky_terrain, shrubs, trees: 0.9526499004291676
sky: 0.9428168667879426
water: 0.9281430580496913
mIoU: 0.941203275088934
