bare_ground, rocky_terrain: 0.7458631765896122
developed_structures, road: 0.005853626484905992
shrubs: 0.05878604151823321
trees: 0.0
sky: 0.9434170290213032
water: 0.9277184834407188
mIoU: 0.4469397261757955
