bare_ground, rocky_terrain: 0.0
developed_structures, road: 0.0
shrubs: 0.0
trees: 0.8635166385121283
sky: 0.8073754793425582
water: 0.8339723314885683
mIoU: 0.41747740822387575
