bare_ground, rocky_terrain: 1.9573384112284117e-06
developed_structures, road: 0.00031169999131327894
shrubs: 0.0
trees: 0.7258008737338987
sky: 0.48152134366966387
water: 0.7232981883072045
mIoU: 0.32182234384008196
