bare_ground, rocky_terrain: 0.7429167423332006
developed_structures, road: 0.001253251106568184
shrubs: 0.04453925175175657
trees: 0.0
sky: 0.943491301489732
water: 0.9342741722843277
mIoU: 0.44441245316093086
