bare_ground, rocky_terrain: 0.3156303659168792
developed_structures, road: 0.003809480869394604
shrubs: 0.04109001935658942
trees: 0.0
sky: 0.40460636009060436
water: 0.7022322957680551
mIoU: 0.24456142033358716
