bare_ground, developed_structures, road, rocky_terrain, shrubs, trees: 0.42332518797664903
sky: 0.4507471856790373
water: 0.40929608504565196
mIoU: 0.42778948623377944
