bare_ground, rocky_terrain: 0.0
developed_structures, road: 0.0
shrubs: 0.0
trees: 0.913896969929308
sky: 0.6155225701209404
water: 0.9675552272407486
mIoU: 0.41616246121516615
