bare_ground, developed_structures, road, rocky_terrain, shrubs, trees: 0.9571486347495232
sky: 0.9428006950418897
water: 0.9366982488396376
mIoU: 0.9455491928770169
