bare_ground, rocky_terrain: 0.45908443558476536
developed_structures, road: 0.14640094741021484
shrubs: 0.31117366060526325
trees: 0.0
sky: 0.7703717884863871
water: 0.8650375836653219
mIoU: 0.4253447359586587
