bare_ground, rocky_terrain: 0.0
developed_structures, road: 0.0
shrubs: 0.0
trees: 0.8812400939715426
sky: 0.589743885761904
water: 0.7615176183946979
mIoU: 0.37208359968802407
