bare_ground, developed_structures, road, rocky_terrain, shrubs, trees: 0.9426042919964902
sky: 0.8472989309502927
water: 0.934935892351507
mIoU: 0.9082797050994299
