bare_ground, rocky_terrain: 0.7463950945425113
developed_structures, road: 0.004324447848572671
shrubs: 0.06897488204272448
trees: 0.0
sky: 0.9433734021905843
water: 0.9296254783105473
mIoU: 0.4487822174891567
