bare_ground, rocky_terrain: 0.6583564561761598
developed_structures, road: 0.41180419840576393
shrubs: 0.15483341661691513
trees: 0.0
sky: 0.0
water: 0.9734656639372644
mIoU: 0.3664099558560172
