bare_ground, rocky_terrain: 0.2931413037757698
developed_structures, road: 0.09243675958665194
shrubs: 0.6544524198309478
trees: 0.0
sky: 0.0
water: 0.5856462543863981
mIoU: 0.2709461229299613
