bare_ground, rocky_terrain: 0.7523715670358402
developed_structures, road: 0.0003521090295253777
shrubs: 0.0004729473217185277
trees: 0.0
sky: 0.3821991587058222
water: 0.7977180748113535
mIoU: 0.3221856428173766
