bare_ground, rocky_terrain: 0.7268234397203401
developed_structures, road: 0.0010383659665326663
shrubs: 2.9273323021139997e-05
trees: 0.0
sky: 0.9439186006268862
water: 0.9407223085584232
mIoU: 0.43542199803253384
