bare_ground, rocky_terrain: 0.753428641582337
developed_structures, road: 0.00035361046686981936
shrubs: 0.00013359148820917864
trees: 0.0
sky: 0.8838819075975114
water: 0.751222527123971
mIoU: 0.39817004637648307
