bare_ground, rocky_terrain: 0.7338489614962149
developed_structures, road: 0.011678933913290937
shrubs: 0.06312649835205111
trees: 0.0
sky: 0.7540530626412401
water: 0.8152739763658142
mIoU: 0.39633023879476853
