bare_ground, rocky_terrain: 0.7807475667205398
developed_structures, road: 0.0
shrubs: 6.687307536734913e-05
trees: 0.0
sky: 0.9511833824259903
water: 0.8452857833926436
mIoU: 0.4295472676024235
