bare_ground, rocky_terrain: 0.40773234054389945
developed_structures, road: 0.18245149882134085
shrubs: 0.32789175207292853
trees: 0.0
sky: 0.6819536722543398
water: 0.7606039228838488
mIoU: 0.39343886442939296
