bare_ground, rocky_terrain: 0.3428055363055932
developed_structures, road: 0.0027460342537492465
shrubs: 0.04454781733845569
trees: 0.0
sky: 0.7662144708526206
water: 0.7222312375174832
mIoU: 0.31309084937798365
