bare_ground, rocky_terrain: 0.768606330279409
developed_structures, road: 0.0
shrubs: 1.6252551650609144e-05
trees: 0.0
sky: 0.9013710789866974
water: 0.8215888409402518
mIoU: 0.4152637504596681
