bare_ground, rocky_terrain: 0.0
developed_structures, road: 0.0
shrubs: 0.0
trees: 0.8633614117336506
sky: 0.804253015396267
water: 0.8280129179960314
mIoU: 0.4159378908543248
