bare_ground, rocky_terrain: 0.3386962230046729
developed_structures, road: 0.007987572441110015
shrubs: 0.04699260187862718
trees: 0.0
sky: 0.7446709972313945
water: 0.6571763352913232
mIoU: 0.2992539549745213
