bare_ground, developed_structures, road, rocky_terrain, shrubs, trees: 0.863439517670219
sky: 0.8612799207092718
water: 0.7699677178584817
mIoU: 0.8315623854126576
