bare_ground, developed_structures, road, rocky_terrain, shrubs, trees: 0.850648479548318
sky: 0.8778545353490569
water: 0.8875941148806812
mIoU: 0.8720323765926854
