bare_ground, rocky_terrain: 0.7530965796954019
developed_structures, road: 0.0001557114977369929
shrubs: 0.00047694130156642844
trees: 0.0
sky: 0.7157981928800341
water: 0.7658016803064094
mIoU: 0.37255485094685814
