bare_ground, rocky_terrain: 0.7316222833633984
developed_structures, road: 0.014815028007526236
shrubs: 0.0915434779138264
trees: 0.0
sky: 0.787819552150148
water: 0.8724613885659374
mIoU: 0.41637695500013944
