bare_ground, developed_structures, road, rocky_terrain, shrubs, trees: 0.9425947040996148
sky: 0.4027787167872355
water: 0.9363674834895435
mIoU: 0.760580301458798
