bare_ground, rocky_terrain: 0.34388910254935023
developed_structures, road: 0.0038340901974113204
shrubs: 0.0448647483055302
trees: 0.0
sky: 0.8811758502676872
water: 0.7349617474176917
mIoU: 0.33478758978961176
