bare_ground, rocky_terrain: 0.07384470565183096
developed_structures, road: 0.0
shrubs: 0.027167351858105718
trees: 0.006542133067107613
sky: 0.8232565483810581
water: 0.6303704770142481
mIoU: 0.2601968693287251
