bare_ground, developed_structures, road, rocky_terrain, shrubs, trees: 0.9062922874027682
sky: 0.6155225701209404
water: 0.9673930017473122
mIoU: 0.8297359530903403
