bare_ground, rocky_terrain: 0.0
developed_structures, road: 0.0
shrubs: 0.0
trees: 0.7128813974341077
sky: 0.19132783562223724
water: 0.91643624488789
mIoU: 0.3034409129907058
