bare_ground, rocky_terrain: 0.008957277131563546
developed_structures, road: 0.22601349351060762
shrubs: 0.0014640280698550057
trees: 0.0
sky: 0.0037373237489377186
water: 0.3423289230239536
mIoU: 0.09708350758081959
