bare_ground, developed_structures, road, rocky_terrain, shrubs, trees: 0.954333386810783
sky: 0.942904721972088
water: 0.9324029902505473
mIoU: 0.943213699677806
