bare_ground, rocky_terrain: 0.41137740071703877
developed_structures, road: 0.3567940882971436
shrubs: 0.39874764192831463
trees: 0.0
sky: 0.0
water: 0.6923445204471671
mIoU: 0.30987727523161074
