bare_ground, rocky_terrain: 0.30006696284616236
developed_structures, road: 0.13512265505073662
shrubs: 0.2617797034701483
trees: 0.0
sky: 0.5065553758847614
water: 0.7725692850428161
mIoU: 0.32934899704910414
