bare_ground, rocky_terrain: 0.7468410673546125
developed_structures, road: 0.00538921982003061
shrubs: 0.07555301182038399
trees: 0.0
sky: 0.9437165798873302
water: 0.9335900982802467
mIoU: 0.4508483295271007
