bare_ground, rocky_terrain: 0.0
developed_structures, road: 0.0
shrubs: 0.0
trees: 0.6899813103832135
sky: 0.3431594104233252
water: 0.9352698602290223
mIoU: 0.3280684301725935
