bare_ground, rocky_terrain: 0.7184776842922967
developed_structures, road: 0.0028348647618160598
shrubs: 0.04866614724871041
trees: 0.0
sky: 0.70002620130501
water: 0.8876158430008657
mIoU: 0.39293679010144983
