bare_ground, developed_structures, road, rocky_terrain, shrubs, trees: 0.8607265567463886
sky: 0.3474426084245418
water: 0.9694176795572492
mIoU: 0.7258622815760599
