bare_ground, rocky_terrain: 0.328221104584583
developed_structures, road: 0.0027114149572063564
shrubs: 0.04572233511280038
trees: 0.0
sky: 0.6497944408882318
water: 0.6901584423211702
mIoU: 0.2861012896439986
