bare_ground, developed_structures, road, rocky_terrain, shrubs, trees: 0.9431442076634832
sky: 0.0
water: 0.978659419265286
mIoU: 0.6406012089762564
