bare_ground, rocky_terrain: 0.7791126610465999
developed_structures, road: 0.0038459947892973824
shrubs: 0.00040992456655967145
trees: 0.0
sky: 0.8840435216090858
water: 0.7988714273637973
mIoU: 0.41104725489588995
