bare_ground, rocky_terrain: 0.4974218344837111
developed_structures, road: 0.14909652106875612
shrubs: 0.293300598644389
trees: 0.0
sky: 0.8657900886013359
water: 0.878927018140619
mIoU: 0.44742267682313525
