bare_ground, rocky_terrain: 0.33732605042607633
developed_structures, road: 0.003795374986496395
shrubs: 0.04640419535808466
trees: 0.0
sky: 0.7704350792767234
water: 0.7069660150043809
mIoU: 0.3108211191752936
