bare_ground, developed_structures, road, rocky_terrain, shrubs, trees: 0.8306440704309069
sky: 0.0
water: 0.5739812090801039
mIoU: 0.4682084265036703
