bare_ground, rocky_terrain: 0.0
developed_structures, road: 0.0
shrubs: 0.0
trees: 0.7453971935044889
sky: 0.5179242692931306
water: 0.9731910542711911
mIoU: 0.3727520861781351
