bare_ground, rocky_terrain: 0.7540244148518891
developed_structures, road: 0.00023728463839884452
shrubs: 0.0005075274087662329
trees: 0.0
sky: 0.7208332101575664
water: 0.7649225781471717
mIoU: 0.37342083586729874
