bare_ground, rocky_terrain: 0.7589167254735149
developed_structures, road: 0.002049395691014188
shrubs: 0.009654353401558862
trees: 0.0
sky: 0.6437012619076689
water: 0.7448168201306992
mIoU: 0.35985642610074264
