bare_ground, rocky_terrain: 0.7099887586459908
developed_structures, road: 0.002049395691014188
shrubs: 0.010374188926648506
trees: 0.0
sky: 0.28929042285968054
water: 0.7032617234924876
mIoU: 0.28582741493597025
