bare_ground, developed_structures, road, rocky_terrain, shrubs, trees: 0.257417040814551
sky: 0.9053374565260187
water: 0.3296663463150299
mIoU: 0.49747361455186656
