bare_ground, developed_structures, road, rocky_terrain, shrubs, trees: 0.939653893141563
sky: 0.8472989309502927
water: 0.9317920573286979
mIoU: 0.9062482938068511
