bare_ground, rocky_terrain: 0.7463709182969583
developed_structures, road: 0.004494799441584538
shrubs: 0.06488772816959375
trees: 0.0
sky: 0.9435136725219047
water: 0.9266726226360888
mIoU: 0.4476566235110217
