bare_ground, rocky_terrain: 0.7233313831821598
developed_structures, road: 0.004654865045711026
shrubs: 0.05773914006747121
trees: 0.0
sky: 0.7346897346981058
water: 0.925498177388594
mIoU: 0.4076522167303403
