bare_ground, rocky_terrain: 0.34228539053617413
developed_structures, road: 0.3111438780283347
shrubs: 0.4998150490769689
trees: 0.0
sky: 0.0
water: 0.5902683195162896
mIoU: 0.2905854395262945
