bare_ground, rocky_terrain: 0.713111679081207
developed_structures, road: 0.0003521090295253777
shrubs: 0.0006363719484319283
trees: 0.0
sky: 0.25720832931914833
water: 0.8133161528657632
mIoU: 0.29743744037401265
