bare_ground, rocky_terrain: 0.33099527338856505
developed_structures, road: 0.0027467315011216603
shrubs: 0.044033308686300524
trees: 0.0
sky: 0.7670576686997315
water: 0.7226344823968597
mIoU: 0.3112445774454297
