bare_ground, rocky_terrain: 0.7453696755946337
developed_structures, road: 0.005800811726920987
shrubs: 0.06777729915095967
trees: 0.0
sky: 0.9435074718583363
water: 0.9307232966764892
mIoU: 0.4488630925012233
