bare_ground, rocky_terrain: 0.30974492602719716
developed_structures, road: 0.002667409848390547
shrubs: 0.041050678308928605
trees: 0.0
sky: 0.8449039205224946
water: 0.7354832812917268
mIoU: 0.32230836933312296
