bare_ground, developed_structures, road, rocky_terrain, shrubs, trees: 0.9528476499030142
sky: 0.8472989309502927
water: 0.9451825110284288
mIoU: 0.915109697293912
