bare_ground, developed_structures, road, rocky_terrain, shrubs, trees: 0.9068890203961664
sky: 0.0
water: 0.7106656341632173
mIoU: 0.5391848848531279
