bare_ground, developed_structures, road, rocky_terrain, shrubs, trees: 0.8342235159959714
sky: 0.34865890035042013
water: 0.6253696447768032
mIoU: 0.6027506870410649
