bare_ground, rocky_terrain: 0.16339230076282532
developed_structures, road: 0.12644465232539098
shrubs: 0.00014594266829725242
trees: 0.0
sky: 0.0
water: 0.19007151714651602
mIoU: 0.0800090688171716
