bare_ground, rocky_terrain: 0.7464239142482706
developed_structures, road: 0.005688552706123025
shrubs: 0.0722447530640023
trees: 0.0
sky: 0.943491301489732
water: 0.9331971867804735
mIoU: 0.45017428471476695
