bare_ground, developed_structures, road, rocky_terrain, shrubs, trees: 0.6318534104864653
sky: 0.19552770626816854
water: 0.5663677495393246
mIoU: 0.46458295543131944
