bare_ground, developed_structures, road, rocky_terrain, shrubs, trees: 0.8818547469687322
sky: 0.8990557409665618
water: 0.7649718479425031
mIoU: 0.8486274452925991
