bare_ground, developed_structures, road, rocky_terrain, shrubs, trees: 0.7707388276707094
sky: 0.8472989309502927
water: 0.7828768098061004
mIoU: 0.8003048561423675
