bare_ground, rocky_terrain: 0.8038827277586528
developed_structures, road: 0.003868109929188633
shrubs: 0.00040992456655967145
trees: 0.0
sky: 0.891265533353216
water: 0.8801365550585056
mIoU: 0.4299271417776871
