bare_ground, rocky_terrain: 0.0
developed_structures, road: 0.0
shrubs: 0.0
trees: 0.5469703754294094
sky: 0.21995403974370034
water: 0.541684840722101
mIoU: 0.21810154264920179
