bare_ground, rocky_terrain: 0.3165950804136179
developed_structures, road: 0.002745512679007271
shrubs: 0.03830007384552222
trees: 0.0
sky: 0.6993186362668712
water: 0.704855939645676
mIoU: 0.2936358738084491
