bare_ground, rocky_terrain: 0.5127196041660091
developed_structures, road: 0.14925303738773749
shrubs: 0.29298126377578726
trees: 0.0
sky: 0.8663298953476355
water: 0.8868812268142284
mIoU: 0.45136083791523296
