bare_ground, rocky_terrain: 0.45890627387701927
developed_structures, road: 0.24320899204566826
shrubs: 0.273860802916233
trees: 0.0
sky: 0.5380204100063217
water: 0.930467583155178
mIoU: 0.40741067700007005
