bare_ground, rocky_terrain: 0.4972892763712083
developed_structures, road: 0.14906119193138798
shrubs: 0.29324612777574155
trees: 0.0
sky: 0.8663298953476355
water: 0.8790088430484955
mIoU: 0.4474892224124114
