bare_ground, rocky_terrain: 0.45304136478775636
developed_structures, road: 0.26406164061515897
shrubs: 0.28399067561379526
trees: 0.0
sky: 0.0857980212088772
water: 0.9291887777045482
mIoU: 0.3360134133216894
