bare_ground, rocky_terrain: 0.6694712944248912
developed_structures, road: 0.6027736698412444
shrubs: 0.1448718522337949
trees: 0.0
sky: 0.0
water: 0.9657365438029138
mIoU: 0.3971422267171407
