bare_ground, developed_structures, road, rocky_terrain, shrubs, trees: 0.9064759808626646
sky: 0.6155225701209404
water: 0.9675552272407486
mIoU: 0.8298512594081178
