bare_ground, rocky_terrain: 0.43293978173213465
developed_structures, road: 0.11270413737328965
shrubs: 0.38049028250278766
trees: 0.0
sky: 0.8706456717217064
water: 0.9181331507241881
mIoU: 0.4524855040090178
