bare_ground, rocky_terrain: 0.4634996811718525
developed_structures, road: 0.25182584285331266
shrubs: 0.27451515755675915
trees: 0.0
sky: 0.8472989309502927
water: 0.9338454699550952
mIoU: 0.4618308470812187
