bare_ground, rocky_terrain: 0.6834189967347831
developed_structures, road: 0.0019159821446770348
shrubs: 0.042420685960924145
trees: 0.0
sky: 0.5713092145663393
water: 0.8257362802014265
mIoU: 0.35413352660135833
