bare_ground, rocky_terrain: 0.3425875130476262
developed_structures, road: 0.008003977074765658
shrubs: 0.04776077639007136
trees: 0.0
sky: 0.7800631163078494
water: 0.6680255341384355
mIoU: 0.30774015282645806
