bare_ground, rocky_terrain: 0.7453975660608209
developed_structures, road: 0.002133793078122146
shrubs: 0.06810829492469557
trees: 0.0
sky: 0.936130358149525
water: 0.9305618291518057
mIoU: 0.44705530689416156
