bare_ground, rocky_terrain: 0.6900477406942498
developed_structures, road: 0.22513962619818426
shrubs: 0.13906536784162452
trees: 0.0
sky: 0.0
water: 0.9719158198353525
mIoU: 0.3376947590949018
