bare_ground, rocky_terrain: 0.0
developed_structures, road: 0.0
shrubs: 0.0
trees: 0.8359480290092036
sky: 0.7999435435452648
water: 0.7410927143448148
mIoU: 0.3961640478165472
