bare_ground, rocky_terrain: 0.6778052582261145
developed_structures, road: 0.0018081574865547883
shrubs: 0.05062582453962527
trees: 0.0
sky: 0.4265127313074505
water: 0.8408184885914632
mIoU: 0.33292841002520135
