bare_ground, developed_structures, road, rocky_terrain, shrubs, trees: 0.7343570379454589
sky: 0.8229777578524571
water: 0.0
mIoU: 0.5191115985993053
