bare_ground, rocky_terrain: 0.4120522729490662
developed_structures, road: 0.18669172342713747
shrubs: 0.32775511508599503
trees: 0.0
sky: 0.6825233284075792
water: 0.7619089285814067
mIoU: 0.3951552280751975
