bare_ground, developed_structures, road, rocky_terrain, shrubs, trees: 0.8952523130997782
sky: 0.2618875885821447
water: 0.8838594958787758
mIoU: 0.6803331325202328
