bare_ground, developed_structures, road, rocky_terrain, shrubs, trees: 0.9814068803405641
sky: 0.8990557409665618
water: 0.9585571709119107
mIoU: 0.9463399307396788
