bare_ground, developed_structures, road, rocky_terrain, shrubs, trees: 0.9275945991929095
sky: 0.08794829147311235
water: 0.9316253298368508
mIoU: 0.6490560735009575
