bare_ground, rocky_terrain: 0.3396305765847636
developed_structures, road: 0.0027589598592934364
shrubs: 0.04622857006664651
trees: 0.0
sky: 0.7443028898706926
water: 0.7029412300666715
mIoU: 0.3059770377413446
