bare_ground, rocky_terrain: 0.3265076775022744
developed_structures, road: 0.4447577254480288
shrubs: 0.5133880506211439
trees: 0.0
sky: 0.0
water: 0.5788723631995786
mIoU: 0.31058763612850426
