bare_ground, rocky_terrain: 0.7593171297912843
developed_structures, road: 0.0038597219340112056
shrubs: 0.00013359148820917864
trees: 0.0
sky: 0.8904734445527033
water: 0.7645861592145976
mIoU: 0.4030616744968009
