bare_ground, developed_structures, road, rocky_terrain, shrubs, trees: 0.9431734733987257
sky: 0.0
water: 0.9785891012495742
mIoU: 0.6405875248827666
