bare_ground, rocky_terrain: 0.33857608202518163
developed_structures, road: 0.0027175915960337238
shrubs: 0.0447902416842864
trees: 0.0007764776151820378
sky: 0.8185996076263983
water: 0.7204203391673818
mIoU: 0.3209800566190773
