bare_ground, rocky_terrain: 0.5007998023571555
developed_structures, road: 0.1490246309970376
shrubs: 0.28940201807021626
trees: 0.0
sky: 0.8673890974115548
water: 0.8792522899761029
mIoU: 0.44764463980201114
