bare_ground, developed_structures, road, rocky_terrain, shrubs, trees: 0.8594602130044766
sky: 0.8779378022963674
water: 0.8952998822850066
mIoU: 0.8775659658619501
