bare_ground, rocky_terrain: 0.31817282971356975
developed_structures, road: 0.4466307598880798
shrubs: 0.5053884151909072
trees: 0.0
sky: 0.0
water: 0.5756837733612941
mIoU: 0.3076459630256418
