bare_ground, developed_structures, road, rocky_terrain, shrubs, trees: 0.7087013688255589
sky: 0.42976227873301115
water: 0.8215771734787722
mIoU: 0.6533469403457808
