bare_ground, rocky_terrain: 0.4630061857318092
developed_structures, road: 0.2438966400174105
shrubs: 0.28292856397676436
trees: 0.0
sky: 0.7293649524114213
water: 0.9321670606221347
mIoU: 0.4418939004599234
