bare_ground, developed_structures, road, rocky_terrain, shrubs, trees: 0.6089878277924344
sky: 0.5118173685612243
water: 0.730478270548597
mIoU: 0.6170944889674187
