bare_ground, developed_structures, road, rocky_terrain, shrubs, trees: 0.7834403403586822
sky: 0.8279435794517264
water: 0.48205203950096065
mIoU: 0.6978119864371232
