bare_ground, developed_structures, road, rocky_terrain, shrubs, trees: 0.9039950321816493
sky: 0.6153423663198645
water: 0.9636752278921582
mIoU: 0.8276708754645573
