bare_ground, rocky_terrain: 0.7595085418504587
developed_structures, road: 0.0038597219340112056
shrubs: 0.00040992456655967145
trees: 0.0
sky: 0.8990557409665618
water: 0.7648790770978081
mIoU: 0.4046188344025666
