bare_ground, developed_structures, road, rocky_terrain, shrubs, trees: 0.9524775782024285
sky: 0.8472989309502927
water: 0.9446525602510812
mIoU: 0.9148096898012675
