bare_ground, rocky_terrain: 0.5013675218953254
developed_structures, road: 0.28142504744966385
shrubs: 0.2817072108691402
trees: 0.0
sky: 0.14911709431926018
water: 0.8662189511746673
mIoU: 0.3466393042846762
