bare_ground, developed_structures, road, rocky_terrain, shrubs, trees: 0.9236289245045333
sky: 0.804253015396267
water: 0.8280129179960314
mIoU: 0.8519649526322772
