bare_ground, rocky_terrain: 0.0
developed_structures, road: 0.0
shrubs: 0.0
trees: 0.8690295324613526
sky: 0.804253015396267
water: 0.8217299072652224
mIoU: 0.41583540918714035
