bare_ground, developed_structures, road, rocky_terrain, shrubs, trees: 0.9431020226414148
sky: 0.0
water: 0.9786494037890816
mIoU: 0.6405838088101655
