bare_ground, rocky_terrain: 0.3395692268564585
developed_structures, road: 0.0027460342537492465
shrubs: 0.044532361624945935
trees: 0.0
sky: 0.8430368105956103
water: 0.7234768035265847
mIoU: 0.32556020614289144
