bare_ground, rocky_terrain: 0.5824047716620577
developed_structures, road: 0.0001976366813680619
shrubs: 0.0024241825473493165
trees: 0.0
sky: 0.058670253485578056
water: 0.7230975780708029
mIoU: 0.22779907040785932
