bare_ground, developed_structures, road, rocky_terrain, shrubs, trees: 0.943536319768623
sky: 0.0
water: 0.9787527894176329
mIoU: 0.6407630363954185
