bare_ground, rocky_terrain: 0.46510707429682685
developed_structures, road: 0.24598067147999886
shrubs: 0.2742433935724957
trees: 0.0
sky: 0.8472989309502927
water: 0.9340828047759704
mIoU: 0.4611188125125974
