bare_ground, rocky_terrain: 0.2017001316835289
developed_structures, road: 0.0029186498716288088
shrubs: 0.03348961435436241
trees: 0.0
sky: 0.12127699774207781
water: 0.5032804679226047
mIoU: 0.14377764359570044
