bare_ground, rocky_terrain: 0.34099262701421684
developed_structures, road: 0.00799339123676625
shrubs: 0.04737309570783771
trees: 0.0
sky: 0.7268337353587468
water: 0.6643829758590306
mIoU: 0.29792930419609975
