bare_ground, developed_structures, road, rocky_terrain, shrubs, trees: 0.9063387268613595
sky: 0.6155225701209404
water: 0.9685448372205554
mIoU: 0.8301353780676184
