bare_ground, rocky_terrain: 0.7561502251098874
developed_structures, road: 0.0038303524542056652
shrubs: 0.0013313081589517892
trees: 0.0
sky: 0.8193719382905608
water: 0.7641340871583385
mIoU: 0.390802985195324
