bare_ground, rocky_terrain: 0.0008277895327312199
developed_structures, road: 0.051970260248370904
shrubs: 0.00047632138638164834
trees: 0.0
sky: 0.8774411075515474
water: 0.7279922928430173
mIoU: 0.2764512952603414
