bare_ground, rocky_terrain: 0.30450558183809684
developed_structures, road: 0.002706074895078833
shrubs: 0.04194535844101066
trees: 0.0
sky: 0.8428218405100745
water: 0.7304140593784471
mIoU: 0.32039881917711804
