bare_ground, rocky_terrain: 0.3474546600170711
developed_structures, road: 0.0027154213865755467
shrubs: 0.044182244379791125
trees: 0.0
sky: 0.878284746944486
water: 0.7338744179610651
mIoU: 0.3344185817814982
