bare_ground, rocky_terrain: 0.4881012167121306
developed_structures, road: 0.1486573976823037
shrubs: 0.29767714087476943
trees: 0.0
sky: 0.7719819584714138
water: 0.8840956164392462
mIoU: 0.4317522216966439
