bare_ground, rocky_terrain: 0.0
developed_structures, road: 0.0
shrubs: 0.0
trees: 0.7190323686335487
sky: 0.16393915285090924
water: 0.8247044457317615
mIoU: 0.28461266120270323
