bare_ground, rocky_terrain: 0.7496878599602634
developed_structures, road: 0.2162772544448339
shrubs: 0.1425304769689555
trees: 0.05931948584778731
sky: 0.9437289368069248
water: 0.9428312650236605
mIoU: 0.5090625465087376
