bare_ground, rocky_terrain: 0.4629195634260558
developed_structures, road: 0.2498242424369217
shrubs: 0.27550212204272123
trees: 0.0
sky: 0.09664284729375694
water: 0.9291705169048092
mIoU: 0.3356765486840441
