bare_ground, rocky_terrain: 0.7227523724649858
developed_structures, road: 0.003660740354181964
shrubs: 0.05593450749969795
trees: 0.0
sky: 0.6894194964195991
water: 0.9043373250277175
mIoU: 0.39601740696103044
