bare_ground, rocky_terrain: 0.24791745569580842
developed_structures, road: 0.0
shrubs: 0.13233076797582843
trees: 0.07993282384116467
sky: 0.8953420449636739
water: 0.8896024723585975
mIoU: 0.3741875941391788
