bare_ground, rocky_terrain: 0.7471012173217703
developed_structures, road: 0.005688552706123025
shrubs: 0.07336710379213827
trees: 0.0
sky: 0.943491301489732
water: 0.9328691539885631
mIoU: 0.45041955488305446
