bare_ground, rocky_terrain: 0.5049424217001875
developed_structures, road: 0.14959121733435676
shrubs: 0.29329657765556105
trees: 0.0
sky: 0.8662432713643835
water: 0.8788398627579471
mIoU: 0.44881889180207263
