bare_ground, rocky_terrain: 0.25398740089765276
developed_structures, road: 0.00273367057742133
shrubs: 0.03771726586151127
trees: 0.0
sky: 0.19152749449706175
water: 0.6552985405314626
mIoU: 0.1902107287275183
