bare_ground, rocky_terrain: 0.6337334176614908
developed_structures, road: 0.4029046501330454
shrubs: 0.166358620611557
trees: 0.0
sky: 0.0
water: 0.9634397650592652
mIoU: 0.3610727422442264
