bare_ground, rocky_terrain: 0.0
developed_structures, road: 0.0
shrubs: 0.0
trees: 0.8492161599789357
sky: 0.8003104860245682
water: 0.7864095342051806
mIoU: 0.40598936336811403
