bare_ground, rocky_terrain: 0.6780019090992165
developed_structures, road: 0.505965458619549
shrubs: 0.14158512823659086
trees: 0.0
sky: 0.0
water: 0.9787711794428176
mIoU: 0.38405394589969566
