bare_ground, rocky_terrain: 0.5018075699779706
developed_structures, road: 0.13377885144599935
shrubs: 0.2960348441549979
trees: 0.0
sky: 0.8349080922757735
water: 0.8732355817589105
mIoU: 0.43996082326894204
