bare_ground, rocky_terrain: 0.7817305300270788
developed_structures, road: 0.0003548801235817842
shrubs: 0.0001582392815753681
trees: 0.0
sky: 0.8901300725098588
water: 0.8125225275939395
mIoU: 0.41414937492267234
