bare_ground, rocky_terrain: 0.0
developed_structures, road: 0.0
shrubs: 0.0
trees: 0.7689219949549433
sky: 0.3880727029895104
water: 0.8998567903971147
mIoU: 0.34280858139026144
