bare_ground, developed_structures, road, rocky_terrain, shrubs, trees: 0.4488774047432926
sky: 0.6530002547702375
water: 0.0
mIoU: 0.36729255317117665
