bare_ground, rocky_terrain: 0.0
developed_structures, road: 0.0
shrubs: 0.0
trees: 0.9043071572476116
sky: 0.3942003341544324
water: 0.8604488923840454
mIoU: 0.35982606396434824
