bare_ground, rocky_terrain: 0.504088314142468
developed_structures, road: 0.148467014071737
shrubs: 0.22624082393744063
trees: 0.0
sky: 0.866569447254254
water: 0.8830521754836819
mIoU: 0.4380696291482636
