bare_ground, rocky_terrain: 0.5160469939514373
developed_structures, road: 0.1515017584001038
shrubs: 0.29504488959733566
trees: 0.0
sky: 0.8668104111024691
water: 0.8905832775678579
mIoU: 0.4533312217698673
