bare_ground, developed_structures, road, rocky_terrain, shrubs, trees: 0.863995042950873
sky: 0.2702209795832591
water: 0.9368483987789825
mIoU: 0.6903548071043716
