bare_ground, rocky_terrain: 0.4628160827840056
developed_structures, road: 0.021753906562146968
shrubs: 0.2991594288413346
trees: 0.0
sky: 0.8714275696955733
water: 0.8635659240149258
mIoU: 0.4197871519829977
