bare_ground, rocky_terrain: 0.34669727042659026
developed_structures, road: 0.0038472000858211244
shrubs: 0.044594746614824744
trees: 0.0
sky: 0.8532308715363202
water: 0.7329992792351621
mIoU: 0.33022822798311974
