bare_ground, rocky_terrain: 0.30003590886424936
developed_structures, road: 0.3287053351101931
shrubs: 0.5098196460340368
trees: 0.0
sky: 0.0
water: 0.5763422040148071
mIoU: 0.2858171823372144
