bare_ground, rocky_terrain: 0.32751760135700236
developed_structures, road: 0.00274409193828707
shrubs: 0.043468962249212324
trees: 0.0
sky: 0.7631353654113783
water: 0.7058677506599735
mIoU: 0.30712229526930895
