bare_ground, rocky_terrain: 0.49655243041185365
developed_structures, road: 0.1485540011705705
shrubs: 0.29905080206329365
trees: 0.0
sky: 0.8508260769472873
water: 0.8732360933810058
mIoU: 0.4447032339956685
