bare_ground, rocky_terrain: 0.7775743676891324
developed_structures, road: 0.0
shrubs: 1.0680719397533126e-05
trees: 0.0
sky: 0.9534563902588322
water: 0.8314628041281825
mIoU: 0.427084040465924
