bare_ground, developed_structures, road, rocky_terrain, shrubs, trees: 0.9548837650530506
sky: 0.9427758251117513
water: 0.9334717143803588
mIoU: 0.9437104348483869
