bare_ground, developed_structures, road, rocky_terrain, shrubs, trees: 0.925742086562998
sky: 0.799988963659311
water: 0.8318410421401887
mIoU: 0.8525240307874992
