bare_ground, rocky_terrain: 0.33916891653857895
developed_structures, road: 0.0038373585633731124
shrubs: 0.043195338811382586
trees: 0.0
sky: 0.8450538357453256
water: 0.7142098072669856
mIoU: 0.3242442094876076
