bare_ground, rocky_terrain: 0.0
developed_structures, road: 0.0
shrubs: 0.0
trees: 0.8621255054130282
sky: 0.8003104860245682
water: 0.8323111240814828
mIoU: 0.4157911859198465
