bare_ground, developed_structures, road, rocky_terrain, shrubs, trees: 0.925898190723806
sky: 0.804253015396267
water: 0.8339415080749335
mIoU: 0.8546975713983356
