bare_ground, rocky_terrain: 0.0
developed_structures, road: 0.0
shrubs: 0.0
trees: 0.9183359868750375
sky: 0.5464386093118855
water: 0.7969600242312688
mIoU: 0.3769557700696986
