bare_ground, rocky_terrain: 0.786351259418322
developed_structures, road: 0.0
shrubs: 0.000133635018965189
trees: 0.0
sky: 0.8990557409665618
water: 0.8416378258141128
mIoU: 0.42119641020299364
