bare_ground, rocky_terrain: 0.33817048086054813
developed_structures, road: 0.002705976548073252
shrubs: 0.045997406481199155
trees: 0.0
sky: 0.683467593236447
water: 0.7007376387021681
mIoU: 0.2951798493047393
