bare_ground, developed_structures, road, rocky_terrain, shrubs, trees: 0.837959400939294
sky: 0.0
water: 0.582417027879923
mIoU: 0.4734588096064057
