bare_ground, rocky_terrain: 0.0
developed_structures, road: 0.0
shrubs: 0.0
trees: 0.8204368688782163
sky: 0.39581555973269444
water: 0.4929469084252348
mIoU: 0.2848665561726909
