bare_ground, developed_structures, road, rocky_terrain, shrubs, trees: 0.8102726303923594
sky: 0.21679754950721541
water: 0.8985695799699758
mIoU: 0.6418799199565169
