bare_ground, rocky_terrain: 0.0
developed_structures, road: 0.0
shrubs: 0.0
trees: 0.7389831539092605
sky: 0.21679754950721541
water: 0.8985695799699758
mIoU: 0.30905838056440865
