bare_ground, rocky_terrain: 0.5176372302258619
developed_structures, road: 0.1428167604871758
shrubs: 0.31459470078715684
trees: 0.0
sky: 0.8286935622343019
water: 0.8777217563791844
mIoU: 0.4469106683522801
