bare_ground, rocky_terrain: 0.3166532911675649
developed_structures, road: 0.43311944242041156
shrubs: 0.5019077974823107
trees: 0.0
sky: 0.0
water: 0.576513365965229
mIoU: 0.30469898283925273
