bare_ground, rocky_terrain: 0.45993543622865213
developed_structures, road: 0.2754978795864137
shrubs: 0.27023550450491585
trees: 0.0
sky: 0.04870096693457081
water: 0.9352244557045937
mIoU: 0.331599040493191
