bare_ground, rocky_terrain: 0.7208727839686668
developed_structures, road: 0.011012483710740524
shrubs: 0.0001681884667349517
trees: 0.0
sky: 0.9428006950418897
water: 0.9304335534561048
mIoU: 0.4342146174406895
