bare_ground, rocky_terrain: 0.5160033155254496
developed_structures, road: 0.15057145460763754
shrubs: 0.30980452183332086
trees: 0.0
sky: 0.8662757865130998
water: 0.8855970917919687
mIoU: 0.4547086950452461
