bare_ground, developed_structures, road, rocky_terrain, shrubs, trees: 0.895436310097109
sky: 0.2618875885821447
water: 0.8840644103228259
mIoU: 0.6804627696673599
