bare_ground, rocky_terrain: 0.7590757675443556
developed_structures, road: 0.003868109929188633
shrubs: 0.00040992456655967145
trees: 0.0
sky: 0.8832713959747942
water: 0.7646800371420642
mIoU: 0.40188420585949375
