bare_ground, rocky_terrain: 0.0
developed_structures, road: 0.0
shrubs: 0.0
trees: 0.711969056309552
sky: 0.556671670762807
water: 0.45604870515825846
mIoU: 0.2874482387051029
