bare_ground, rocky_terrain: 0.46753697091325236
developed_structures, road: 0.25452578863094255
shrubs: 0.2708893788248345
trees: 0.0
sky: 0.46432932373801666
water: 0.936270047598679
mIoU: 0.3989252516176209
