bare_ground, rocky_terrain: 0.6923308227306073
developed_structures, road: 0.5636694521472808
shrubs: 0.14315053114636536
trees: 0.0
sky: 0.0
water: 0.9784635574005308
mIoU: 0.3962690605707974
