bare_ground, rocky_terrain: 0.7126341710165601
developed_structures, road: 0.0
shrubs: 0.04161327659236503
trees: 0.03246177069257479
sky: 0.955191286719837
water: 0.7644199047998387
mIoU: 0.4177200683035292
