bare_ground, developed_structures, road, rocky_terrain, shrubs, trees: 0.8240052417138377
sky: 0.7458610756006038
water: 0.7313736953076445
mIoU: 0.767080004207362
