bare_ground, rocky_terrain: 8.905489554680996e-06
developed_structures, road: 0.4648477360676345
shrubs: 0.0
trees: 0.13344134622451823
sky: 0.12972337905944265
water: 0.7007600343268615
mIoU: 0.23813023352800192
