bare_ground, developed_structures, road, rocky_terrain, shrubs, trees: 0.9560365419415551
sky: 0.8832713959747942
water: 0.9015650668350799
mIoU: 0.913624334917143
