bare_ground, rocky_terrain: 0.7691319220272502
developed_structures, road: 0.0038377023304756895
shrubs: 0.0004235106010283167
trees: 0.0
sky: 0.8990557409665618
water: 0.7926206139960613
mIoU: 0.41084491498689624
