bare_ground, rocky_terrain: 0.7470617307545866
developed_structures, road: 0.004885219095553146
shrubs: 0.07245710507055833
trees: 0.0
sky: 0.9438740938974988
water: 0.9241241100787584
mIoU: 0.44873370981615923
