bare_ground, developed_structures, road, rocky_terrain, shrubs, trees: 0.6748066049376094
sky: 0.0
water: 0.249239830106132
mIoU: 0.3080154783479138
