bare_ground, rocky_terrain: 0.0
developed_structures, road: 0.17220795621974322
shrubs: 0.0
trees: 0.8670511274067195
sky: 0.8003104860245682
water: 0.8182713588114182
mIoU: 0.4429734880770748
