bare_ground, rocky_terrain: 0.6748987742449922
developed_structures, road: 0.5069055439647806
shrubs: 0.14025497657619043
trees: 0.0
sky: 0.0
water: 0.9785352258782374
mIoU: 0.38343242011070017
