bare_ground, rocky_terrain: 0.7464968625304588
developed_structures, road: 0.005688552706123025
shrubs: 0.06982920723510781
trees: 0.0
sky: 0.9434826042978824
water: 0.9325017324125386
mIoU: 0.44966649319701846
