bare_ground, rocky_terrain: 0.4658831973364882
developed_structures, road: 0.18115283419258818
shrubs: 0.004753244897281401
trees: 0.0
sky: 0.8472989309502927
water: 0.9351936067854064
mIoU: 0.4057136356936762
