bare_ground, developed_structures, road, rocky_terrain, shrubs, trees: 0.9186572699740345
sky: 0.5153835704234183
water: 0.9731532839867585
mIoU: 0.8023980414614038
