bare_ground, rocky_terrain: 0.0
developed_structures, road: 0.0
shrubs: 0.0
trees: 0.742472845994479
sky: 0.3721320915625296
water: 0.9390235305135602
mIoU: 0.3422714113450948
