bare_ground, rocky_terrain: 0.7462717185325605
developed_structures, road: 0.004460880284243347
shrubs: 0.07107647327705302
trees: 0.0
sky: 0.9434664338367565
water: 0.9310834961270599
mIoU: 0.4493931670096121
