bare_ground, developed_structures, road, rocky_terrain, shrubs, trees: 0.8333498150849493
sky: 0.0
water: 0.5773380139803943
mIoU: 0.4702292763551146
