bare_ground, rocky_terrain: 0.0
developed_structures, road: 0.0
shrubs: 0.0
trees: 0.8612352768631086
sky: 0.8088899122826073
water: 0.8324595596037729
mIoU: 0.4170974581249148
