bare_ground, rocky_terrain: 0.33519949256162196
developed_structures, road: 0.0038022216948270186
shrubs: 0.04393432119224599
trees: 0.0
sky: 0.8797666923268948
water: 0.7301384330924414
mIoU: 0.3321401934780052
