bare_ground, rocky_terrain: 0.7134409619156662
developed_structures, road: 0.6370318160929617
shrubs: 0.14314651919191235
trees: 0.0
sky: 0.0
water: 0.9786296810374545
mIoU: 0.4120414963729991
