bare_ground, rocky_terrain: 0.3000555523805747
developed_structures, road: 0.22194745310089734
shrubs: 0.000859521674622052
trees: 0.0
sky: 0.0
water: 0.5972077054827591
mIoU: 0.18667837210647553
