bare_ground, rocky_terrain: 0.0
developed_structures, road: 0.0
shrubs: 0.0
trees: 0.9143782813125406
sky: 0.6622996682995065
water: 0.957216407406898
mIoU: 0.4223157261698242
