bare_ground, rocky_terrain: 0.0015339303657173403
developed_structures, road: 0.141204358757896
shrubs: 0.0010114123289937866
trees: 0.0
sky: 0.4027787167872355
water: 0.7628111756171518
mIoU: 0.21822326564283237
