bare_ground, rocky_terrain: 0.716578954384075
developed_structures, road: 0.6522211231227353
shrubs: 0.14308360293081762
trees: 0.0
sky: 0.0
water: 0.9786053620476616
mIoU: 0.41508150708088154
