bare_ground, rocky_terrain: 0.0
developed_structures, road: 0.0
shrubs: 0.0
trees: 0.9148405239574467
sky: 0.6106687271504511
water: 0.9677334266184067
mIoU: 0.4155404462877174
