bare_ground, rocky_terrain: 0.0
developed_structures, road: 0.0
shrubs: 0.0
trees: 0.8593197340859731
sky: 0.7904431590637685
water: 0.8296448267625869
mIoU: 0.4132346199853881
