bare_ground, developed_structures, road, rocky_terrain, shrubs, trees: 0.7339411983050468
sky: 0.33689648909189984
water: 0.9368375164436067
mIoU: 0.6692250679468511
