bare_ground, developed_structures, road, rocky_terrain, shrubs, trees: 0.8406397871228943
sky: 0.8775521099446641
water: 0.8808236805977863
mIoU: 0.8663385258884482
