bare_ground, rocky_terrain: 0.7897007739962315
developed_structures, road: 0.0038459947892973824
shrubs: 0.0010549816544820707
trees: 0.0
sky: 0.8832713959747942
water: 0.8223242030593495
mIoU: 0.41669955824569244
