bare_ground, rocky_terrain: 0.19241903757932097
developed_structures, road: 0.0031772709315545096
shrubs: 0.043176472497657006
trees: 0.0
sky: 0.8594519112460426
water: 0.6300915717525064
mIoU: 0.28805271066784693
