bare_ground, developed_structures, road, rocky_terrain, shrubs, trees: 0.9163322296694062
sky: 0.5250539396373692
water: 0.9705737469708847
mIoU: 0.8039866387592202
