bare_ground, rocky_terrain: 0.342523433313987
developed_structures, road: 0.0027460342537492465
shrubs: 0.043299581274592346
trees: 0.0
sky: 0.7773709353687972
water: 0.7224411724022286
mIoU: 0.3147301927688924
