bare_ground, developed_structures, road, rocky_terrain, shrubs, trees: 0.9371943218198858
sky: 0.9555849812200172
water: 0.8491330354354644
mIoU: 0.9139707794917892
