bare_ground, developed_structures, road, rocky_terrain, shrubs, trees: 0.9366364630134164
sky: 0.9556668083565547
water: 0.8451974835655348
mIoU: 0.9125002516451687
