bare_ground, rocky_terrain: 0.0
developed_structures, road: 0.0
shrubs: 0.0
trees: 0.7460615371016388
sky: 0.526031331985702
water: 0.9727857018460045
mIoU: 0.3741464284888909
