bare_ground, rocky_terrain: 0.7767063583735359
developed_structures, road: 0.0
shrubs: 1.0673042030439516e-05
trees: 0.0
sky: 0.9535370041816764
water: 0.8474893707191873
mIoU: 0.42962390105273834
