bare_ground, rocky_terrain: 0.11920056038272948
developed_structures, road: 0.0
shrubs: 0.026912279887710833
trees: 0.005157455559385317
sky: 0.8570597815789368
water: 0.6216529270357031
mIoU: 0.2716638340740776
