bare_ground, rocky_terrain: 0.3275513800090256
developed_structures, road: 0.44508714025967255
shrubs: 0.5161961747204941
trees: 0.0
sky: 0.0
water: 0.5723289103897613
mIoU: 0.3101939342298256
