bare_ground, rocky_terrain: 0.3377056791069072
developed_structures, road: 0.0027435833978030288
shrubs: 0.045436221417487564
trees: 0.0
sky: 0.83383306512647
water: 0.7172492007820462
mIoU: 0.322827958305119
