bare_ground, rocky_terrain: 0.478723423455317
developed_structures, road: 0.14997992151034736
shrubs: 0.270631210029133
trees: 0.0
sky: 0.8218770385234324
water: 0.8741591883449643
mIoU: 0.43256179697719904
